000000 0.251 0.250113 0.248556 0.250787
000100 0.601 0.225244 0.000000 0.174044
000200 0.661 0.215131 0.000000 0.123631
000300 0.647 0.214337 0.000000 0.138187
000400 0.665 0.208375 0.000000 0.126831
000500 0.664 0.210056 0.000000 0.125713
000600 0.653 0.213869 0.000000 0.133144
000700 0.633 0.226900 0.000000 0.140063
000800 0.662 0.200612 0.000000 0.137206
000900 0.629 0.222619 0.000000 0.148044
001000 0.627 0.230906 0.000000 0.142431
001100 0.650 0.220481 0.000000 0.129688
001200 0.664 0.206475 0.000000 0.129112
001300 0.646 0.217875 0.000000 0.136375
001400 0.663 0.206956 0.000000 0.130244
001500 0.654 0.214494 0.000000 0.131387
001600 0.630 0.222700 0.000000 0.147356
001700 0.656 0.211319 0.000000 0.133081
001800 0.645 0.222981 0.000000 0.132075
001900 0.645 0.216744 0.000000 0.138631
002000 0.631 0.220394 0.000000 0.148294
002100 0.649 0.215213 0.000000 0.135694
002200 0.654 0.208394 0.000000 0.137462
002300 0.657 0.210575 0.000000 0.132144
002400 0.662 0.206406 0.000000 0.131856
002500 0.636 0.222000 0.000000 0.142081
002600 0.652 0.212950 0.000000 0.135275
002700 0.653 0.213906 0.000000 0.133038
002800 0.654 0.208381 0.000000 0.137806
002900 0.657 0.210962 0.000000 0.131988
003000 0.642 0.221700 0.000000 0.136325
003100 0.625 0.226931 0.000000 0.148200
003200 0.672 0.196538 0.000000 0.131850
003300 0.644 0.216181 0.000000 0.139606
003400 0.649 0.215706 0.000000 0.135275
003500 0.651 0.210119 0.000000 0.138412
003600 0.662 0.198569 0.000000 0.139456
003700 0.663 0.200937 0.000000 0.135831
003800 0.652 0.221819 0.000000 0.126619
003900 0.626 0.226269 0.000000 0.147675
004000 0.630 0.233650 0.000000 0.136825
004100 0.661 0.207975 0.000000 0.131519
004200 0.631 0.222700 0.000000 0.146169
004300 0.653 0.216169 0.000000 0.130837
004400 0.625 0.233194 0.000000 0.141556
004500 0.665 0.204387 0.000000 0.130969
004600 0.649 0.216062 0.000000 0.135400
004700 0.642 0.222500 0.000000 0.135169
004800 0.629 0.230694 0.000000 0.140256
004900 0.636 0.232112 0.000000 0.131444
005000 0.650 0.209869 0.000000 0.140400
005100 0.641 0.220713 0.000000 0.138650
005200 0.649 0.214831 0.000000 0.136612
005300 0.637 0.220719 0.000000 0.142775
005400 0.652 0.212588 0.000000 0.135750
005500 0.642 0.221419 0.000000 0.136756
005600 0.642 0.218919 0.000000 0.139513
005700 0.654 0.210487 0.000000 0.135831
005800 0.632 0.224938 0.000000 0.142569
005900 0.652 0.215119 0.000000 0.132606
006000 0.655 0.211906 0.000000 0.132906
006100 0.670 0.202162 0.000000 0.127375
006200 0.664 0.207712 0.000000 0.128431
006300 0.648 0.213244 0.000000 0.138925
006400 0.647 0.215619 0.000000 0.137400
006500 0.640 0.222131 0.000000 0.138231
006600 0.638 0.220262 0.000000 0.141544
006700 0.670 0.202419 0.000000 0.127600
006800 0.649 0.213575 0.000000 0.137575
006900 0.636 0.221906 0.000000 0.141694
007000 0.646 0.214512 0.000000 0.139781
007100 0.649 0.216969 0.000000 0.133813
007200 0.662 0.198419 0.000000 0.139288
007300 0.650 0.217431 0.000000 0.132869
007400 0.650 0.212819 0.000000 0.137469
007500 0.641 0.221869 0.000000 0.137588
007600 0.650 0.214556 0.000000 0.135131
007700 0.648 0.212712 0.000000 0.138944
007800 0.643 0.219025 0.000000 0.137819
007900 0.664 0.205063 0.000000 0.130950
008000 0.607 0.235475 0.000000 0.157087
008100 0.624 0.230681 0.000000 0.145262
008200 0.651 0.214019 0.000000 0.135225
008300 0.639 0.217812 0.000000 0.143394
008400 0.644 0.214944 0.000000 0.141344
008500 0.657 0.204575 0.000000 0.138869
008600 0.642 0.218425 0.000000 0.139162
008700 0.654 0.211756 0.000000 0.133769
008800 0.633 0.221844 0.000000 0.145025
008900 0.662 0.208650 0.000000 0.129800
009000 0.664 0.208794 0.000000 0.126806
009100 0.654 0.209431 0.000000 0.136612
009200 0.646 0.212694 0.000000 0.141131
009300 0.653 0.206950 0.000000 0.139950
009400 0.653 0.213094 0.000000 0.133637
009500 0.657 0.205175 0.000000 0.137344
009600 0.665 0.205969 0.000000 0.128975
009700 0.646 0.211775 0.000000 0.142575
009800 0.634 0.229094 0.000000 0.136575
009900 0.649 0.212219 0.000000 0.138588
010000 0.660 0.203131 0.000000 0.137206
010100 0.651 0.211719 0.000000 0.137750
010200 0.642 0.220287 0.000000 0.138194
010300 0.656 0.213656 0.000000 0.130225
010400 0.659 0.215519 0.000000 0.125594
010500 0.651 0.215600 0.000000 0.133850
010600 0.649 0.208200 0.000000 0.142462
010700 0.644 0.220356 0.000000 0.135937
010800 0.659 0.211250 0.000000 0.129706
010900 0.634 0.220700 0.000000 0.145544
011000 0.663 0.206394 0.000000 0.130750
011100 0.632 0.224788 0.000000 0.143025
011200 0.662 0.204769 0.000000 0.133475
011300 0.661 0.209863 0.000000 0.129556
011400 0.654 0.212094 0.000000 0.134300
011500 0.641 0.226794 0.000000 0.132238
011600 0.652 0.206706 0.000000 0.141525
011700 0.618 0.238644 0.000000 0.143462
011800 0.687 0.188575 0.000000 0.124631
011900 0.666 0.202825 0.000000 0.131144
012000 0.657 0.208875 0.000000 0.134525
012100 0.661 0.208813 0.000000 0.130256
012200 0.649 0.209012 0.000000 0.141763
012300 0.636 0.219012 0.000000 0.144919
012400 0.670 0.204788 0.000000 0.124806
012500 0.649 0.215094 0.000000 0.135950
012600 0.631 0.223944 0.000000 0.145119
012700 0.668 0.209437 0.000000 0.123025
012800 0.650 0.220050 0.000000 0.130112
012900 0.643 0.218738 0.000000 0.138119
013000 0.656 0.205950 0.000000 0.138425
013100 0.660 0.208169 0.000000 0.131419
013200 0.632 0.232987 0.000000 0.135150
013300 0.658 0.208544 0.000000 0.133144
013400 0.636 0.213613 0.000000 0.150375
013500 0.681 0.192763 0.000000 0.126062
013600 0.642 0.230300 0.000000 0.127681
013700 0.674 0.196575 0.000000 0.129312
013800 0.655 0.209300 0.000000 0.135919
013900 0.651 0.212281 0.000000 0.137144
014000 0.633 0.224294 0.000000 0.142838
014100 0.640 0.214531 0.000000 0.145756
014200 0.655 0.213138 0.000000 0.132206
014300 0.649 0.218544 0.000000 0.132306
014400 0.633 0.221513 0.000000 0.145400
014500 0.682 0.194406 0.000000 0.123775
014600 0.642 0.214631 0.000000 0.143244
014700 0.654 0.207856 0.000000 0.138500
014800 0.666 0.207494 0.000000 0.126406
014900 0.639 0.215450 0.000000 0.145856
015000 0.656 0.207656 0.000000 0.136575
015100 0.660 0.201900 0.000000 0.138112
015200 0.614 0.238031 0.000000 0.148012
015300 0.659 0.205838 0.000000 0.134794
015400 0.658 0.208194 0.000000 0.133806
015500 0.640 0.216594 0.000000 0.143888
015600 0.656 0.208363 0.000000 0.136006
015700 0.649 0.214400 0.000000 0.136375
015800 0.644 0.219044 0.000000 0.137369
015900 0.648 0.217075 0.000000 0.134956
016000 0.636 0.233025 0.000000 0.131238
016100 0.654 0.211525 0.000000 0.134894
016200 0.664 0.201694 0.000000 0.133969
016300 0.639 0.220544 0.000000 0.140600
016400 0.667 0.202950 0.000000 0.130206
016500 0.632 0.224819 0.000000 0.143575
016600 0.636 0.224450 0.000000 0.139950
016700 0.635 0.229881 0.000000 0.134988
016800 0.633 0.228600 0.000000 0.138313
016900 0.653 0.208425 0.000000 0.138075
017000 0.655 0.218131 0.000000 0.126763
017100 0.657 0.200988 0.000000 0.141575
017200 0.637 0.221219 0.000000 0.142081
017300 0.654 0.203144 0.000000 0.143338
017400 0.648 0.220444 0.000000 0.131225
017500 0.654 0.210725 0.000000 0.135694
017600 0.639 0.215325 0.000000 0.145525
017700 0.644 0.215975 0.000000 0.140244
017800 0.630 0.226500 0.000000 0.143469
017900 0.663 0.203450 0.000000 0.133119
018000 0.653 0.219719 0.000000 0.127744
018100 0.658 0.204306 0.000000 0.138125
018200 0.641 0.220681 0.000000 0.137975
018300 0.669 0.193944 0.000000 0.136912
018400 0.641 0.213175 0.000000 0.145787
018500 0.654 0.218044 0.000000 0.128081
018600 0.634 0.224650 0.000000 0.141737
018700 0.669 0.207719 0.000000 0.122994
018800 0.671 0.199744 0.000000 0.129431
018900 0.669 0.202206 0.000000 0.128975
019000 0.647 0.219281 0.000000 0.133231
019100 0.641 0.222787 0.000000 0.136612
019200 0.653 0.207538 0.000000 0.139750
019300 0.641 0.220125 0.000000 0.138400
019400 0.675 0.192256 0.000000 0.133119
019500 0.645 0.218425 0.000000 0.136719
019600 0.643 0.219656 0.000000 0.137694
019700 0.645 0.215631 0.000000 0.139719
019800 0.647 0.215494 0.000000 0.137131
019900 0.648 0.210800 0.000000 0.140863
020000 0.659 0.203225 0.000000 0.138263
