000000 0.249 0.253731 0.249431 0.247731
000100 0.000 0.549262 0.000000 0.450512
000200 0.000 0.542162 0.000000 0.457838
000300 0.000 0.536081 0.000000 0.463919
000400 0.000 0.543212 0.000000 0.456788
000500 0.000 0.547612 0.000000 0.452387
000600 0.000 0.545219 0.000000 0.454781
000700 0.000 0.544112 0.000000 0.455888
000800 0.000 0.546663 0.000000 0.453338
000900 0.000 0.535381 0.000000 0.464619
001000 0.000 0.528294 0.000000 0.471706
001100 0.000 0.537575 0.000000 0.462425
001200 0.000 0.537837 0.000000 0.462162
001300 0.000 0.529594 0.000000 0.470406
001400 0.000 0.543469 0.000000 0.456531
001500 0.000 0.548275 0.000000 0.451725
001600 0.000 0.554737 0.000000 0.445263
001700 0.000 0.547325 0.000000 0.452675
001800 0.000 0.554706 0.000000 0.445294
001900 0.000 0.560113 0.000000 0.439887
002000 0.000 0.567106 0.000000 0.432894
002100 0.000 0.565837 0.000000 0.434163
002200 0.000 0.558344 0.000000 0.441656
002300 0.000 0.552650 0.000000 0.447350
002400 0.000 0.546106 0.000000 0.453894
002500 0.000 0.544881 0.000000 0.455119
002600 0.000 0.542950 0.000000 0.457050
002700 0.000 0.557169 0.000000 0.442831
002800 0.000 0.562481 0.000000 0.437519
002900 0.000 0.564894 0.000000 0.435106
003000 0.000 0.574175 0.000000 0.425825
003100 0.000 0.574825 0.000000 0.425175
003200 0.000 0.565900 0.000000 0.434100
003300 0.000 0.557769 0.000000 0.442231
003400 0.000 0.563050 0.000000 0.436950
003500 0.000 0.568831 0.000000 0.431169
003600 0.000 0.566144 0.000000 0.433856
003700 0.000 0.568825 0.000000 0.431175
003800 0.000 0.574113 0.000000 0.425887
003900 0.000 0.578806 0.000000 0.421194
004000 0.000 0.583762 0.000000 0.416237
004100 0.000 0.591463 0.000000 0.408537
004200 0.000 0.592256 0.000000 0.407744
004300 0.000 0.588488 0.000000 0.411513
004400 0.000 0.582850 0.000000 0.417150
004500 0.000 0.582681 0.000000 0.417319
004600 0.000 0.576444 0.000000 0.423556
004700 0.000 0.576313 0.000000 0.423687
004800 0.000 0.574887 0.000000 0.425113
004900 0.000 0.583788 0.000000 0.416212
005000 0.000 0.587369 0.000000 0.412631
005100 0.000 0.585275 0.000000 0.414725
005200 0.000 0.583631 0.000000 0.416369
005300 0.000 0.575863 0.000000 0.424138
005400 0.000 0.574137 0.000000 0.425862
005500 0.000 0.569100 0.000000 0.430900
005600 0.000 0.570344 0.000000 0.429656
005700 0.000 0.559950 0.000000 0.440050
005800 0.000 0.566906 0.000000 0.433094
005900 0.000 0.560056 0.000000 0.439944
006000 0.000 0.553837 0.000000 0.446163
006100 0.000 0.556669 0.000000 0.443331
006200 0.000 0.553081 0.000000 0.446919
006300 0.000 0.548306 0.000000 0.451694
006400 0.000 0.551169 0.000000 0.448831
006500 0.000 0.553431 0.000000 0.446569
006600 0.000 0.558288 0.000000 0.441713
006700 0.000 0.556556 0.000000 0.443444
006800 0.000 0.547869 0.000000 0.452131
006900 0.000 0.544037 0.000000 0.455962
007000 0.000 0.548338 0.000000 0.451663
007100 0.000 0.546319 0.000000 0.453681
007200 0.000 0.556269 0.000000 0.443731
007300 0.000 0.554169 0.000000 0.445831
007400 0.000 0.542506 0.000000 0.457494
007500 0.000 0.529537 0.000000 0.470463
007600 0.000 0.545456 0.000000 0.454544
007700 0.000 0.553713 0.000000 0.446288
007800 0.000 0.554550 0.000000 0.445450
007900 0.000 0.552544 0.000000 0.447456
008000 0.000 0.558394 0.000000 0.441606
008100 0.000 0.550312 0.000000 0.449688
008200 0.000 0.543581 0.000000 0.456419
008300 0.000 0.534400 0.000000 0.465600
008400 0.000 0.538050 0.000000 0.461950
008500 0.000 0.534331 0.000000 0.465669
008600 0.000 0.537837 0.000000 0.462162
008700 0.000 0.535919 0.000000 0.464081
008800 0.000 0.534419 0.000000 0.465581
008900 0.000 0.535331 0.000000 0.464669
009000 0.000 0.527906 0.000000 0.472094
009100 0.000 0.532494 0.000000 0.467506
009200 0.000 0.540800 0.000000 0.459200
009300 0.000 0.541775 0.000000 0.458225
009400 0.000 0.522900 0.000000 0.477100
009500 0.000 0.522156 0.000000 0.477844
009600 0.000 0.530156 0.000000 0.469844
009700 0.000 0.524100 0.000000 0.475900
009800 0.000 0.543094 0.000000 0.456906
009900 0.000 0.537587 0.000000 0.462413
010000 0.000 0.531550 0.000000 0.468450
010100 0.000 0.536881 0.000000 0.463119
010200 0.000 0.542512 0.000000 0.457487
010300 0.000 0.544963 0.000000 0.455037
010400 0.000 0.543469 0.000000 0.456531
010500 0.000 0.544325 0.000000 0.455675
010600 0.000 0.546262 0.000000 0.453738
010700 0.000 0.542375 0.000000 0.457625
010800 0.000 0.534819 0.000000 0.465181
010900 0.000 0.533856 0.000000 0.466144
011000 0.000 0.534906 0.000000 0.465094
011100 0.000 0.546531 0.000000 0.453469
011200 0.000 0.539338 0.000000 0.460662
011300 0.000 0.549737 0.000000 0.450263
011400 0.000 0.547388 0.000000 0.452612
011500 0.000 0.548794 0.000000 0.451206
011600 0.000 0.545669 0.000000 0.454331
011700 0.000 0.551400 0.000000 0.448600
011800 0.000 0.560406 0.000000 0.439594
011900 0.000 0.567163 0.000000 0.432837
012000 0.000 0.569244 0.000000 0.430756
012100 0.000 0.558763 0.000000 0.441238
012200 0.000 0.562638 0.000000 0.437362
012300 0.000 0.559675 0.000000 0.440325
012400 0.000 0.543212 0.000000 0.456788
012500 0.000 0.538606 0.000000 0.461394
012600 0.000 0.535906 0.000000 0.464094
012700 0.000 0.543575 0.000000 0.456425
012800 0.000 0.534794 0.000000 0.465206
012900 0.000 0.536356 0.000000 0.463644
013000 0.000 0.545412 0.000000 0.454587
013100 0.000 0.544581 0.000000 0.455419
013200 0.000 0.534094 0.000000 0.465906
013300 0.000 0.533031 0.000000 0.466969
013400 0.000 0.549844 0.000000 0.450156
013500 0.000 0.549225 0.000000 0.450775
013600 0.000 0.541606 0.000000 0.458394
013700 0.000 0.551444 0.000000 0.448556
013800 0.000 0.553644 0.000000 0.446356
013900 0.000 0.541325 0.000000 0.458675
014000 0.000 0.551319 0.000000 0.448681
014100 0.000 0.551219 0.000000 0.448781
014200 0.000 0.555063 0.000000 0.444937
014300 0.000 0.549381 0.000000 0.450619
014400 0.000 0.544081 0.000000 0.455919
014500 0.000 0.546850 0.000000 0.453150
014600 0.000 0.545269 0.000000 0.454731
014700 0.000 0.551137 0.000000 0.448862
014800 0.000 0.563312 0.000000 0.436688
014900 0.000 0.567294 0.000000 0.432706
015000 0.000 0.575863 0.000000 0.424138
015100 0.000 0.572181 0.000000 0.427819
015200 0.000 0.576263 0.000000 0.423737
015300 0.000 0.574394 0.000000 0.425606
015400 0.000 0.571788 0.000000 0.428212
015500 0.000 0.576794 0.000000 0.423206
015600 0.000 0.587612 0.000000 0.412388
015700 0.000 0.600888 0.000000 0.399112
015800 0.000 0.596175 0.000000 0.403825
015900 0.000 0.585806 0.000000 0.414194
016000 0.000 0.584225 0.000000 0.415775
016100 0.000 0.577444 0.000000 0.422556
016200 0.000 0.582681 0.000000 0.417319
016300 0.000 0.576881 0.000000 0.423119
016400 0.000 0.585331 0.000000 0.414669
016500 0.000 0.576688 0.000000 0.423312
016600 0.000 0.566569 0.000000 0.433431
016700 0.000 0.573894 0.000000 0.426106
016800 0.000 0.583625 0.000000 0.416375
016900 0.000 0.604437 0.000000 0.395562
017000 0.000 0.605194 0.000000 0.394806
017100 0.000 0.611875 0.000000 0.388125
017200 0.000 0.607644 0.000000 0.392356
017300 0.000 0.605237 0.000000 0.394763
017400 0.000 0.606463 0.000000 0.393537
017500 0.000 0.602163 0.000000 0.397838
017600 0.000 0.601163 0.000000 0.398838
017700 0.000 0.600325 0.000000 0.399675
017800 0.000 0.604062 0.000000 0.395937
017900 0.000 0.614456 0.000000 0.385544
018000 0.000 0.613475 0.000000 0.386525
018100 0.000 0.624494 0.000000 0.375506
018200 0.000 0.631238 0.000000 0.368762
018300 0.000 0.636613 0.000000 0.363387
018400 0.000 0.634175 0.000000 0.365825
018500 0.000 0.632781 0.000000 0.367219
018600 0.000 0.639800 0.000000 0.360200
018700 0.000 0.641269 0.000000 0.358731
018800 0.000 0.645144 0.000000 0.354856
018900 0.000 0.648613 0.000000 0.351388
019000 0.000 0.641331 0.000000 0.358669
019100 0.000 0.641519 0.000000 0.358481
019200 0.000 0.625894 0.000000 0.374106
019300 0.000 0.621537 0.000000 0.378462
019400 0.000 0.619788 0.000000 0.380213
019500 0.000 0.616038 0.000000 0.383962
019600 0.000 0.613294 0.000000 0.386706
019700 0.000 0.605794 0.000000 0.394206
019800 0.000 0.606925 0.000000 0.393075
019900 0.000 0.598306 0.000000 0.401694
020000 0.000 0.592606 0.000000 0.407394
