000000 0.252 0.249675 0.248138 0.250344
000100 0.824 0.052831 0.000000 0.122969
000200 0.763 0.108213 0.000000 0.128675
000300 0.839 0.087731 0.000000 0.073681
000400 0.797 0.107356 0.000000 0.095206
000500 0.824 0.095050 0.000000 0.081175
000600 0.804 0.109488 0.000000 0.086625
000700 0.813 0.098869 0.000000 0.088237
000800 0.828 0.092506 0.000000 0.079719
000900 0.793 0.109819 0.000000 0.097400
001000 0.825 0.097787 0.000000 0.077119
001100 0.828 0.093106 0.000000 0.078706
001200 0.806 0.109406 0.000000 0.085038
001300 0.807 0.103425 0.000000 0.089688
001400 0.840 0.083538 0.000000 0.076056
001500 0.821 0.097581 0.000000 0.081162
001600 0.810 0.101388 0.000000 0.088362
001700 0.819 0.099812 0.000000 0.080738
001800 0.824 0.095206 0.000000 0.080537
001900 0.818 0.099850 0.000000 0.082519
002000 0.811 0.105338 0.000000 0.083606
002100 0.803 0.108231 0.000000 0.088369
002200 0.824 0.097769 0.000000 0.078719
002300 0.762 0.127756 0.000000 0.110475
002400 0.806 0.105869 0.000000 0.088431
002500 0.808 0.103544 0.000000 0.088212
002600 0.820 0.102444 0.000000 0.077456
002700 0.818 0.096681 0.000000 0.085087
002800 0.818 0.102038 0.000000 0.079725
002900 0.818 0.098494 0.000000 0.083575
003000 0.824 0.092719 0.000000 0.083125
003100 0.792 0.116469 0.000000 0.091569
003200 0.813 0.100612 0.000000 0.086750
003300 0.811 0.103487 0.000000 0.085763
003400 0.800 0.109281 0.000000 0.091181
003500 0.792 0.114962 0.000000 0.092537
003600 0.849 0.083100 0.000000 0.068019
003700 0.775 0.125500 0.000000 0.099263
003800 0.803 0.111256 0.000000 0.085938
003900 0.783 0.115319 0.000000 0.101737
004000 0.832 0.094400 0.000000 0.074044
004100 0.815 0.101675 0.000000 0.083513
004200 0.814 0.103788 0.000000 0.081875
004300 0.815 0.105737 0.000000 0.079081
004400 0.826 0.097787 0.000000 0.076206
004500 0.822 0.096863 0.000000 0.081044
004600 0.801 0.104331 0.000000 0.094794
004700 0.813 0.105481 0.000000 0.081113
004800 0.802 0.109600 0.000000 0.088544
004900 0.803 0.107944 0.000000 0.088688
005000 0.811 0.104000 0.000000 0.085444
005100 0.834 0.094944 0.000000 0.071294
005200 0.819 0.096775 0.000000 0.084375
005300 0.808 0.101694 0.000000 0.090275
005400 0.793 0.109669 0.000000 0.097194
005500 0.821 0.096869 0.000000 0.081712
005600 0.818 0.100562 0.000000 0.081094
005700 0.831 0.096294 0.000000 0.072325
005800 0.799 0.110469 0.000000 0.090862
005900 0.823 0.097212 0.000000 0.079425
006000 0.809 0.101581 0.000000 0.088994
006100 0.805 0.107556 0.000000 0.087375
006200 0.805 0.109406 0.000000 0.085619
006300 0.820 0.101725 0.000000 0.077856
006400 0.839 0.086894 0.000000 0.074500
006500 0.800 0.107731 0.000000 0.092731
006600 0.808 0.103100 0.000000 0.088794
006700 0.794 0.110669 0.000000 0.095769
006800 0.822 0.098850 0.000000 0.079125
006900 0.813 0.101656 0.000000 0.085119
007000 0.824 0.093469 0.000000 0.082394
007100 0.836 0.090806 0.000000 0.073225
007200 0.806 0.094775 0.000000 0.099325
007300 0.835 0.092750 0.000000 0.072331
007400 0.809 0.102087 0.000000 0.089244
007500 0.800 0.112388 0.000000 0.087362
007600 0.816 0.105387 0.000000 0.078144
007700 0.798 0.111069 0.000000 0.091250
007800 0.803 0.108781 0.000000 0.088487
007900 0.810 0.100194 0.000000 0.089519
008000 0.790 0.112912 0.000000 0.097031
008100 0.817 0.098462 0.000000 0.084319
008200 0.796 0.114331 0.000000 0.090044
008300 0.810 0.102513 0.000000 0.087494
008400 0.811 0.103556 0.000000 0.085119
008500 0.803 0.108675 0.000000 0.088225
008600 0.795 0.115300 0.000000 0.089544
008700 0.829 0.094531 0.000000 0.076306
008800 0.814 0.099475 0.000000 0.086975
008900 0.814 0.103631 0.000000 0.081994
009000 0.792 0.115119 0.000000 0.092944
009100 0.827 0.094088 0.000000 0.079194
009200 0.807 0.105900 0.000000 0.087438
009300 0.818 0.103844 0.000000 0.078125
009400 0.823 0.095562 0.000000 0.080963
009500 0.809 0.102831 0.000000 0.088281
009600 0.796 0.102981 0.000000 0.100544
009700 0.817 0.094838 0.000000 0.088069
009800 0.812 0.102981 0.000000 0.085000
009900 0.802 0.105894 0.000000 0.091956
010000 0.842 0.085319 0.000000 0.072781
010100 0.824 0.097706 0.000000 0.077969
010200 0.793 0.112925 0.000000 0.094113
010300 0.809 0.096719 0.000000 0.094406
010400 0.813 0.102169 0.000000 0.084450
010500 0.825 0.094181 0.000000 0.080506
010600 0.800 0.109444 0.000000 0.090594
010700 0.813 0.100775 0.000000 0.085756
010800 0.826 0.093900 0.000000 0.080537
010900 0.800 0.108012 0.000000 0.091900
011000 0.811 0.102888 0.000000 0.085769
011100 0.831 0.093231 0.000000 0.076081
011200 0.820 0.097225 0.000000 0.082381
011300 0.810 0.102450 0.000000 0.087337
011400 0.813 0.103987 0.000000 0.082819
011500 0.803 0.102306 0.000000 0.094463
011600 0.830 0.087362 0.000000 0.083131
011700 0.809 0.106200 0.000000 0.084487
011800 0.814 0.103681 0.000000 0.082625
011900 0.821 0.091569 0.000000 0.087381
012000 0.824 0.091206 0.000000 0.085112
012100 0.827 0.091713 0.000000 0.080819
012200 0.818 0.096819 0.000000 0.085206
012300 0.797 0.109850 0.000000 0.093119
012400 0.817 0.101725 0.000000 0.080806
012500 0.815 0.100231 0.000000 0.084363
012600 0.806 0.105413 0.000000 0.088206
012700 0.809 0.102169 0.000000 0.088737
012800 0.824 0.100000 0.000000 0.076150
012900 0.804 0.108688 0.000000 0.087331
013000 0.819 0.101781 0.000000 0.079137
013100 0.810 0.102063 0.000000 0.087631
013200 0.812 0.105369 0.000000 0.083044
013300 0.803 0.105362 0.000000 0.091656
013400 0.832 0.091069 0.000000 0.076912
013500 0.819 0.102494 0.000000 0.078787
013600 0.827 0.093037 0.000000 0.079775
013700 0.814 0.104269 0.000000 0.082081
013800 0.832 0.088575 0.000000 0.078981
013900 0.799 0.108200 0.000000 0.093231
014000 0.803 0.110544 0.000000 0.086538
014100 0.798 0.111456 0.000000 0.090781
014200 0.810 0.104569 0.000000 0.085444
014300 0.810 0.097844 0.000000 0.092338
014400 0.808 0.101444 0.000000 0.091012
014500 0.819 0.101638 0.000000 0.079294
014600 0.822 0.097306 0.000000 0.080206
014700 0.784 0.111763 0.000000 0.104012
014800 0.829 0.091262 0.000000 0.080175
014900 0.790 0.115837 0.000000 0.094400
015000 0.818 0.099431 0.000000 0.083025
015100 0.824 0.094356 0.000000 0.081488
015200 0.817 0.100587 0.000000 0.082287
015300 0.816 0.102675 0.000000 0.081244
015400 0.818 0.099594 0.000000 0.082800
015500 0.808 0.103919 0.000000 0.088500
015600 0.806 0.109456 0.000000 0.084081
015700 0.829 0.092419 0.000000 0.078256
015800 0.817 0.100975 0.000000 0.081925
015900 0.826 0.098613 0.000000 0.074994
016000 0.831 0.090575 0.000000 0.078631
016100 0.839 0.082750 0.000000 0.078381
016200 0.814 0.098769 0.000000 0.087656
016300 0.819 0.098744 0.000000 0.081937
016400 0.811 0.107181 0.000000 0.082269
016500 0.813 0.107031 0.000000 0.080106
016600 0.822 0.093037 0.000000 0.085362
016700 0.828 0.093787 0.000000 0.078588
016800 0.806 0.104612 0.000000 0.089006
016900 0.818 0.096781 0.000000 0.085056
017000 0.817 0.098337 0.000000 0.084663
017100 0.826 0.093675 0.000000 0.079831
017200 0.800 0.108594 0.000000 0.090987
017300 0.809 0.106725 0.000000 0.084619
017400 0.811 0.102175 0.000000 0.086525
017500 0.798 0.108031 0.000000 0.093950
017600 0.826 0.096556 0.000000 0.077656
017700 0.804 0.106038 0.000000 0.090450
017800 0.795 0.109281 0.000000 0.095869
017900 0.788 0.115388 0.000000 0.096675
018000 0.818 0.095769 0.000000 0.086194
018100 0.801 0.107813 0.000000 0.091213
018200 0.825 0.096331 0.000000 0.078725
018300 0.823 0.097781 0.000000 0.079537
018400 0.814 0.101250 0.000000 0.085119
018500 0.818 0.104019 0.000000 0.078338
018600 0.823 0.095869 0.000000 0.080800
018700 0.805 0.108363 0.000000 0.086763
018800 0.783 0.114875 0.000000 0.102606
018900 0.809 0.101187 0.000000 0.090250
019000 0.824 0.100456 0.000000 0.075556
019100 0.825 0.097613 0.000000 0.077675
019200 0.835 0.087456 0.000000 0.077856
019300 0.794 0.117994 0.000000 0.088350
019400 0.811 0.103869 0.000000 0.085194
019500 0.811 0.101981 0.000000 0.087381
019600 0.819 0.098050 0.000000 0.082962
019700 0.826 0.095656 0.000000 0.078275
019800 0.787 0.115475 0.000000 0.097631
019900 0.814 0.107450 0.000000 0.078088
020000 0.818 0.096650 0.000000 0.084900
