000000 0.248 0.250500 0.252044 0.249238
000100 0.966 0.009494 0.000000 0.024288
000200 0.901 0.012419 0.000000 0.086300
000300 0.842 0.030631 0.000000 0.127869
000400 0.841 0.048406 0.000000 0.110981
000500 0.917 0.031356 0.000000 0.051213
000600 0.960 0.019056 0.000000 0.020844
000700 0.972 0.014856 0.000000 0.013137
000800 0.957 0.018269 0.000000 0.024856
000900 0.944 0.026888 0.000000 0.029531
001000 0.941 0.027762 0.000000 0.030756
001100 0.947 0.027075 0.000000 0.026013
001200 0.941 0.025744 0.000000 0.032762
001300 0.928 0.038850 0.000000 0.032925
001400 0.943 0.026994 0.000000 0.030075
001500 0.960 0.022494 0.000000 0.017800
001600 0.958 0.022856 0.000000 0.019594
001700 0.963 0.017638 0.000000 0.019681
001800 0.936 0.022319 0.000000 0.042069
001900 0.950 0.024550 0.000000 0.025531
002000 0.962 0.021944 0.000000 0.016194
002100 0.978 0.011250 0.000000 0.010512
002200 0.978 0.010725 0.000000 0.011012
002300 0.976 0.011975 0.000000 0.011644
002400 0.984 0.008613 0.000000 0.007769
002500 0.976 0.011163 0.000000 0.012931
002600 0.982 0.009612 0.000000 0.008344
002700 0.980 0.010881 0.000000 0.009538
002800 0.977 0.012331 0.000000 0.011106
002900 0.980 0.010750 0.000000 0.009494
003000 0.982 0.010406 0.000000 0.007181
003100 0.980 0.010087 0.000000 0.010175
003200 0.981 0.010294 0.000000 0.008369
003300 0.980 0.011006 0.000000 0.008844
003400 0.970 0.015169 0.000000 0.014506
003500 0.965 0.018019 0.000000 0.016675
003600 0.971 0.015056 0.000000 0.013550
003700 0.963 0.015550 0.000000 0.021175
003800 0.936 0.024594 0.000000 0.039081
003900 0.922 0.034275 0.000000 0.043612
004000 0.939 0.033156 0.000000 0.027987
004100 0.941 0.033087 0.000000 0.026375
004200 0.933 0.026231 0.000000 0.040488
004300 0.913 0.038475 0.000000 0.048063
004400 0.921 0.036294 0.000000 0.042656
004500 0.933 0.034450 0.000000 0.032519
004600 0.946 0.027287 0.000000 0.027200
004700 0.940 0.029750 0.000000 0.030356
004800 0.953 0.024850 0.000000 0.021906
004900 0.960 0.018894 0.000000 0.020881
005000 0.920 0.022838 0.000000 0.057181
005100 0.816 0.037288 0.000000 0.146275
005200 0.777 0.051100 0.000000 0.172237
005300 0.883 0.050881 0.000000 0.065863
005400 0.925 0.040381 0.000000 0.034456
005500 0.936 0.034119 0.000000 0.030175
005600 0.940 0.030956 0.000000 0.028987
005700 0.925 0.031119 0.000000 0.043775
005800 0.922 0.033462 0.000000 0.044594
005900 0.910 0.036656 0.000000 0.053231
006000 0.902 0.032350 0.000000 0.065600
006100 0.901 0.039294 0.000000 0.059244
006200 0.914 0.036538 0.000000 0.049388
006300 0.952 0.023831 0.000000 0.024137
006400 0.949 0.025087 0.000000 0.025675
006500 0.943 0.030375 0.000000 0.026325
006600 0.942 0.027438 0.000000 0.030094
006700 0.923 0.034631 0.000000 0.042231
006800 0.907 0.041631 0.000000 0.051450
006900 0.937 0.031250 0.000000 0.031619
007000 0.940 0.029881 0.000000 0.030144
007100 0.938 0.032606 0.000000 0.029006
007200 0.926 0.030388 0.000000 0.043594
007300 0.924 0.034519 0.000000 0.041063
007400 0.904 0.034513 0.000000 0.061125
007500 0.871 0.057438 0.000000 0.071500
007600 0.876 0.050037 0.000000 0.073862
007700 0.910 0.045981 0.000000 0.044469
007800 0.927 0.038762 0.000000 0.034287
007900 0.943 0.030600 0.000000 0.026325
008000 0.949 0.025681 0.000000 0.025081
008100 0.938 0.028669 0.000000 0.033513
008200 0.932 0.032881 0.000000 0.035025
008300 0.941 0.031887 0.000000 0.027019
008400 0.950 0.027669 0.000000 0.022537
008500 0.964 0.015550 0.000000 0.020519
008600 0.942 0.028788 0.000000 0.029331
008700 0.954 0.023037 0.000000 0.022738
008800 0.951 0.027787 0.000000 0.021306
008900 0.938 0.029581 0.000000 0.032006
009000 0.935 0.030369 0.000000 0.034888
009100 0.914 0.032025 0.000000 0.054363
009200 0.883 0.039313 0.000000 0.077206
009300 0.871 0.051306 0.000000 0.078025
009400 0.923 0.030863 0.000000 0.046181
009500 0.907 0.043050 0.000000 0.050206
009600 0.904 0.043194 0.000000 0.052806
009700 0.931 0.034719 0.000000 0.034281
009800 0.931 0.033619 0.000000 0.035125
009900 0.895 0.025431 0.000000 0.079463
010000 0.873 0.051494 0.000000 0.075481
010100 0.923 0.025719 0.000000 0.051219
010200 0.823 0.029031 0.000000 0.148044
010300 0.816 0.058756 0.000000 0.125537
010400 0.873 0.054144 0.000000 0.073181
010500 0.935 0.031688 0.000000 0.033006
010600 0.934 0.025856 0.000000 0.040406
010700 0.937 0.030581 0.000000 0.032256
010800 0.934 0.030131 0.000000 0.035469
010900 0.863 0.035844 0.000000 0.101356
011000 0.933 0.032750 0.000000 0.034544
011100 0.941 0.030600 0.000000 0.028569
011200 0.950 0.021350 0.000000 0.029006
011300 0.919 0.030600 0.000000 0.050856
011400 0.939 0.028331 0.000000 0.032625
011500 0.968 0.015088 0.000000 0.016906
011600 0.966 0.017169 0.000000 0.016931
011700 0.945 0.015256 0.000000 0.040100
011800 0.925 0.028619 0.000000 0.046206
011900 0.954 0.023256 0.000000 0.022638
012000 0.957 0.022062 0.000000 0.021212
012100 0.961 0.019581 0.000000 0.019013
012200 0.932 0.026888 0.000000 0.040750
012300 0.908 0.034225 0.000000 0.058031
012400 0.934 0.029763 0.000000 0.036406
012500 0.935 0.033675 0.000000 0.031106
012600 0.960 0.018869 0.000000 0.021400
012700 0.894 0.020575 0.000000 0.085219
012800 0.804 0.035662 0.000000 0.160281
012900 0.799 0.052625 0.000000 0.147981
013000 0.926 0.038981 0.000000 0.034656
013100 0.951 0.020137 0.000000 0.029288
013200 0.922 0.022156 0.000000 0.055756
013300 0.904 0.024306 0.000000 0.071344
013400 0.898 0.038156 0.000000 0.063963
013500 0.933 0.033119 0.000000 0.033700
013600 0.956 0.024506 0.000000 0.019944
013700 0.940 0.021331 0.000000 0.038975
013800 0.938 0.025644 0.000000 0.036325
013900 0.949 0.029087 0.000000 0.021631
014000 0.939 0.031719 0.000000 0.028850
014100 0.950 0.028262 0.000000 0.021769
014200 0.955 0.024137 0.000000 0.020900
014300 0.942 0.030675 0.000000 0.027206
014400 0.950 0.027525 0.000000 0.022031
014500 0.962 0.020625 0.000000 0.017375
014600 0.958 0.022988 0.000000 0.018919
014700 0.960 0.021294 0.000000 0.018969
014800 0.954 0.024675 0.000000 0.021281
014900 0.942 0.031012 0.000000 0.027025
015000 0.959 0.021712 0.000000 0.019394
015100 0.958 0.022219 0.000000 0.019569
015200 0.947 0.025038 0.000000 0.027481
015300 0.919 0.031019 0.000000 0.050281
015400 0.907 0.035900 0.000000 0.056800
015500 0.922 0.038687 0.000000 0.039356
015600 0.928 0.040744 0.000000 0.031425
015700 0.945 0.029094 0.000000 0.025988
015800 0.935 0.032587 0.000000 0.032244
015900 0.893 0.039625 0.000000 0.067269
016000 0.902 0.040994 0.000000 0.056525
016100 0.926 0.034956 0.000000 0.038712
016200 0.953 0.024769 0.000000 0.022331
016300 0.948 0.025163 0.000000 0.026819
016400 0.958 0.024219 0.000000 0.017812
016500 0.950 0.023244 0.000000 0.027037
016600 0.950 0.021263 0.000000 0.028675
016700 0.950 0.025819 0.000000 0.024444
016800 0.953 0.024844 0.000000 0.022537
016900 0.951 0.027619 0.000000 0.021600
017000 0.944 0.021025 0.000000 0.035419
017100 0.898 0.038144 0.000000 0.063356
017200 0.921 0.037519 0.000000 0.041831
017300 0.946 0.027669 0.000000 0.026475
017400 0.931 0.028544 0.000000 0.040819
017500 0.929 0.039344 0.000000 0.031600
017600 0.894 0.043406 0.000000 0.062306
017700 0.915 0.044131 0.000000 0.041287
017800 0.946 0.027119 0.000000 0.027106
017900 0.936 0.031637 0.000000 0.032425
018000 0.944 0.028163 0.000000 0.028338
018100 0.953 0.024481 0.000000 0.022031
018200 0.952 0.025931 0.000000 0.021638
018300 0.917 0.024794 0.000000 0.058669
018400 0.882 0.038656 0.000000 0.079137
018500 0.901 0.031831 0.000000 0.066712
018600 0.878 0.032912 0.000000 0.088700
018700 0.826 0.033363 0.000000 0.140863
018800 0.802 0.043056 0.000000 0.154512
018900 0.861 0.029881 0.000000 0.109188
019000 0.888 0.038562 0.000000 0.073362
019100 0.901 0.029081 0.000000 0.070362
019200 0.910 0.046700 0.000000 0.043138
019300 0.949 0.025775 0.000000 0.025150
019400 0.943 0.030613 0.000000 0.026300
019500 0.930 0.032337 0.000000 0.037387
019600 0.896 0.036031 0.000000 0.067781
019700 0.896 0.045288 0.000000 0.058438
019800 0.930 0.032644 0.000000 0.037794
019900 0.937 0.028663 0.000000 0.034781
020000 0.939 0.028037 0.000000 0.032894
