000000 0.250 0.249219 0.251962 0.249262
000100 0.565 0.287706 0.000000 0.147762
000200 0.605 0.243394 0.000000 0.151762
000300 0.600 0.255569 0.000000 0.144631
000400 0.589 0.260269 0.000000 0.150275
000500 0.576 0.261300 0.000000 0.163175
000600 0.605 0.258825 0.000000 0.136313
000700 0.599 0.248431 0.000000 0.152781
000800 0.613 0.242838 0.000000 0.144025
000900 0.603 0.253462 0.000000 0.143475
001000 0.598 0.257731 0.000000 0.143919
001100 0.616 0.237212 0.000000 0.146806
001200 0.597 0.257275 0.000000 0.145856
001300 0.597 0.251644 0.000000 0.151012
001400 0.619 0.241012 0.000000 0.140275
001500 0.583 0.265987 0.000000 0.150838
001600 0.582 0.265150 0.000000 0.152469
001700 0.601 0.253794 0.000000 0.145656
001800 0.589 0.259069 0.000000 0.152019
001900 0.604 0.250556 0.000000 0.145006
002000 0.595 0.253644 0.000000 0.151269
002100 0.582 0.262244 0.000000 0.156163
002200 0.585 0.259638 0.000000 0.155438
002300 0.594 0.259244 0.000000 0.146744
002400 0.606 0.256200 0.000000 0.138088
002500 0.578 0.273725 0.000000 0.148744
002600 0.589 0.268619 0.000000 0.142788
002700 0.614 0.236319 0.000000 0.149206
002800 0.565 0.274994 0.000000 0.160206
002900 0.612 0.245150 0.000000 0.142925
003000 0.596 0.260044 0.000000 0.144144
003100 0.583 0.263394 0.000000 0.153638
003200 0.601 0.249194 0.000000 0.150119
003300 0.592 0.262050 0.000000 0.146269
003400 0.573 0.272156 0.000000 0.155256
003500 0.608 0.246825 0.000000 0.144756
003600 0.582 0.274444 0.000000 0.143544
003700 0.584 0.269150 0.000000 0.146906
003800 0.608 0.251719 0.000000 0.140544
003900 0.605 0.254875 0.000000 0.139925
004000 0.577 0.273512 0.000000 0.149787
004100 0.595 0.257644 0.000000 0.147319
004200 0.604 0.259519 0.000000 0.136481
004300 0.607 0.256312 0.000000 0.136925
004400 0.616 0.243550 0.000000 0.140950
004500 0.590 0.255700 0.000000 0.154475
004600 0.593 0.268388 0.000000 0.139069
004700 0.586 0.260556 0.000000 0.153138
004800 0.623 0.234956 0.000000 0.142119
004900 0.579 0.266475 0.000000 0.154325
005000 0.573 0.267338 0.000000 0.159756
005100 0.608 0.249713 0.000000 0.142194
005200 0.595 0.254856 0.000000 0.149675
005300 0.605 0.253394 0.000000 0.141588
005400 0.569 0.275750 0.000000 0.155262
005500 0.617 0.241413 0.000000 0.142050
005600 0.591 0.257119 0.000000 0.152113
005700 0.595 0.261231 0.000000 0.143687
005800 0.601 0.257987 0.000000 0.140606
005900 0.602 0.254150 0.000000 0.143825
006000 0.586 0.258450 0.000000 0.155794
006100 0.594 0.268688 0.000000 0.137519
006200 0.582 0.270263 0.000000 0.147350
006300 0.599 0.257594 0.000000 0.143100
006400 0.587 0.271456 0.000000 0.141231
006500 0.588 0.251038 0.000000 0.161025
006600 0.594 0.270069 0.000000 0.136319
006700 0.600 0.251738 0.000000 0.148606
006800 0.610 0.254100 0.000000 0.135763
006900 0.586 0.266144 0.000000 0.147388
007000 0.610 0.241856 0.000000 0.148244
007100 0.606 0.252487 0.000000 0.141819
007200 0.565 0.284700 0.000000 0.150506
007300 0.598 0.260775 0.000000 0.141563
007400 0.600 0.260894 0.000000 0.139363
007500 0.594 0.260769 0.000000 0.145644
007600 0.602 0.262238 0.000000 0.135400
007700 0.590 0.268225 0.000000 0.142025
007800 0.588 0.257494 0.000000 0.154256
007900 0.608 0.240675 0.000000 0.151375
008000 0.594 0.263456 0.000000 0.142937
008100 0.606 0.245031 0.000000 0.148694
008200 0.608 0.248706 0.000000 0.143656
008300 0.599 0.258175 0.000000 0.142450
008400 0.594 0.258369 0.000000 0.147237
008500 0.608 0.247888 0.000000 0.143831
008600 0.589 0.256063 0.000000 0.155125
008700 0.611 0.253825 0.000000 0.134731
008800 0.582 0.269863 0.000000 0.148144
008900 0.585 0.259688 0.000000 0.154900
009000 0.592 0.254519 0.000000 0.153806
009100 0.590 0.260356 0.000000 0.149375
009200 0.596 0.255362 0.000000 0.148956
009300 0.582 0.261494 0.000000 0.156081
009400 0.603 0.249344 0.000000 0.147819
009500 0.604 0.252512 0.000000 0.143512
009600 0.602 0.250494 0.000000 0.147919
009700 0.605 0.247469 0.000000 0.147388
009800 0.601 0.259075 0.000000 0.139981
009900 0.606 0.255962 0.000000 0.137831
010000 0.575 0.276444 0.000000 0.148519
010100 0.595 0.254094 0.000000 0.150537
010200 0.589 0.260650 0.000000 0.150181
010300 0.595 0.254462 0.000000 0.150212
010400 0.594 0.257994 0.000000 0.148419
010500 0.603 0.253312 0.000000 0.143237
010600 0.607 0.254050 0.000000 0.139200
010700 0.584 0.262887 0.000000 0.152706
010800 0.593 0.267587 0.000000 0.139694
010900 0.585 0.271863 0.000000 0.143262
011000 0.594 0.263025 0.000000 0.142912
011100 0.578 0.270744 0.000000 0.151244
011200 0.593 0.260969 0.000000 0.146344
011300 0.595 0.263487 0.000000 0.141831
011400 0.615 0.248062 0.000000 0.136694
011500 0.594 0.248406 0.000000 0.157594
011600 0.599 0.252350 0.000000 0.149031
011700 0.601 0.259531 0.000000 0.139956
011800 0.577 0.272725 0.000000 0.150150
011900 0.601 0.254788 0.000000 0.144194
012000 0.610 0.246494 0.000000 0.143806
012100 0.587 0.262887 0.000000 0.150487
012200 0.594 0.255350 0.000000 0.150706
012300 0.610 0.252644 0.000000 0.137531
012400 0.573 0.267281 0.000000 0.159269
012500 0.611 0.239987 0.000000 0.148825
012600 0.595 0.265000 0.000000 0.139606
012700 0.594 0.262412 0.000000 0.143150
012800 0.594 0.262738 0.000000 0.143194
012900 0.604 0.259544 0.000000 0.136894
013000 0.594 0.265025 0.000000 0.141088
013100 0.596 0.252487 0.000000 0.151181
013200 0.603 0.256756 0.000000 0.139869
013300 0.619 0.236987 0.000000 0.143762
013400 0.570 0.274000 0.000000 0.155819
013500 0.605 0.254544 0.000000 0.140419
013600 0.594 0.257075 0.000000 0.149081
013700 0.602 0.254387 0.000000 0.143625
013800 0.589 0.264756 0.000000 0.146731
013900 0.586 0.265656 0.000000 0.148469
014000 0.588 0.258962 0.000000 0.153394
014100 0.592 0.260425 0.000000 0.148056
014200 0.587 0.265838 0.000000 0.147012
014300 0.622 0.248963 0.000000 0.129394
014400 0.596 0.255700 0.000000 0.148775
014500 0.602 0.240419 0.000000 0.157481
014600 0.597 0.253163 0.000000 0.150156
014700 0.596 0.257500 0.000000 0.146512
014800 0.607 0.252188 0.000000 0.140800
014900 0.608 0.255337 0.000000 0.136981
015000 0.584 0.272944 0.000000 0.142906
015100 0.617 0.251063 0.000000 0.132394
015200 0.583 0.268219 0.000000 0.149219
015300 0.598 0.253744 0.000000 0.147775
015400 0.614 0.251669 0.000000 0.134738
015500 0.590 0.261044 0.000000 0.148900
015600 0.621 0.241931 0.000000 0.136900
015700 0.595 0.254994 0.000000 0.150269
015800 0.606 0.249862 0.000000 0.144200
015900 0.591 0.265462 0.000000 0.143063
016000 0.596 0.254144 0.000000 0.150075
016100 0.598 0.249456 0.000000 0.152369
016200 0.596 0.266813 0.000000 0.136731
016300 0.594 0.257894 0.000000 0.148256
016400 0.591 0.254619 0.000000 0.154356
016500 0.596 0.253531 0.000000 0.150469
016600 0.585 0.264606 0.000000 0.150750
016700 0.596 0.254281 0.000000 0.149550
016800 0.611 0.252081 0.000000 0.136494
016900 0.599 0.257406 0.000000 0.143969
017000 0.589 0.269531 0.000000 0.141412
017100 0.605 0.254719 0.000000 0.140444
017200 0.594 0.258088 0.000000 0.147687
017300 0.590 0.260012 0.000000 0.149638
017400 0.592 0.256706 0.000000 0.151138
017500 0.582 0.264731 0.000000 0.153025
017600 0.583 0.262344 0.000000 0.154400
017700 0.620 0.244319 0.000000 0.135375
017800 0.607 0.250337 0.000000 0.142262
017900 0.589 0.259837 0.000000 0.151512
018000 0.600 0.251513 0.000000 0.148388
018100 0.597 0.252850 0.000000 0.149775
018200 0.611 0.249181 0.000000 0.139775
018300 0.594 0.261425 0.000000 0.144437
018400 0.588 0.260706 0.000000 0.150913
018500 0.613 0.252350 0.000000 0.134944
018600 0.592 0.260962 0.000000 0.147069
018700 0.605 0.249831 0.000000 0.144888
018800 0.625 0.234113 0.000000 0.140769
018900 0.598 0.253850 0.000000 0.148156
019000 0.613 0.246081 0.000000 0.141137
019100 0.597 0.256925 0.000000 0.145619
019200 0.606 0.257763 0.000000 0.136569
019300 0.594 0.260681 0.000000 0.145400
019400 0.612 0.247919 0.000000 0.139731
019500 0.595 0.255362 0.000000 0.149706
019600 0.596 0.261356 0.000000 0.142825
019700 0.605 0.258775 0.000000 0.136481
019800 0.604 0.254406 0.000000 0.141437
019900 0.584 0.261144 0.000000 0.155344
020000 0.609 0.250356 0.000000 0.140900
