000000 0.250 0.250163 0.250544 0.249131
000100 0.698 0.169013 0.000000 0.132744
000200 0.656 0.199437 0.000000 0.144563
000300 0.678 0.191713 0.000000 0.130013
000400 0.679 0.191119 0.000000 0.130125
000500 0.657 0.196463 0.000000 0.146937
000600 0.681 0.189019 0.000000 0.130044
000700 0.698 0.186419 0.000000 0.115725
000800 0.684 0.188425 0.000000 0.127525
000900 0.670 0.197637 0.000000 0.132769
001000 0.671 0.202725 0.000000 0.126287
001100 0.690 0.178381 0.000000 0.131919
001200 0.669 0.200962 0.000000 0.130525
001300 0.664 0.201569 0.000000 0.134444
001400 0.683 0.187512 0.000000 0.129238
001500 0.695 0.179400 0.000000 0.126025
001600 0.667 0.194238 0.000000 0.138856
001700 0.669 0.198175 0.000000 0.133225
001800 0.679 0.189188 0.000000 0.131569
001900 0.689 0.181163 0.000000 0.129594
002000 0.667 0.198725 0.000000 0.133844
002100 0.683 0.193387 0.000000 0.123775
002200 0.676 0.193881 0.000000 0.130150
002300 0.670 0.199194 0.000000 0.131156
002400 0.679 0.191413 0.000000 0.129781
002500 0.687 0.188819 0.000000 0.123831
002600 0.687 0.192312 0.000000 0.120538
002700 0.670 0.195619 0.000000 0.134281
002800 0.654 0.207712 0.000000 0.138581
002900 0.664 0.201794 0.000000 0.133763
003000 0.676 0.187944 0.000000 0.136119
003100 0.664 0.201919 0.000000 0.134000
003200 0.669 0.194062 0.000000 0.137088
003300 0.666 0.202344 0.000000 0.132044
003400 0.660 0.202219 0.000000 0.138025
003500 0.679 0.202588 0.000000 0.118069
003600 0.695 0.184425 0.000000 0.120456
003700 0.672 0.196112 0.000000 0.132188
003800 0.682 0.192556 0.000000 0.125325
003900 0.676 0.200225 0.000000 0.123994
004000 0.684 0.186012 0.000000 0.129912
004100 0.680 0.183881 0.000000 0.136394
004200 0.667 0.198275 0.000000 0.134756
004300 0.667 0.207456 0.000000 0.125381
004400 0.673 0.191281 0.000000 0.135362
004500 0.660 0.204050 0.000000 0.136069
004600 0.677 0.189713 0.000000 0.133187
004700 0.663 0.202681 0.000000 0.134619
004800 0.666 0.196044 0.000000 0.137838
004900 0.691 0.190037 0.000000 0.119425
005000 0.679 0.190344 0.000000 0.130181
005100 0.677 0.198000 0.000000 0.124781
005200 0.683 0.187556 0.000000 0.129725
005300 0.680 0.193062 0.000000 0.126562
005400 0.648 0.214900 0.000000 0.136800
005500 0.677 0.193050 0.000000 0.129869
005600 0.699 0.189500 0.000000 0.111644
005700 0.679 0.194725 0.000000 0.125819
005800 0.685 0.186925 0.000000 0.127625
005900 0.669 0.192419 0.000000 0.138744
006000 0.680 0.191244 0.000000 0.129175
006100 0.683 0.190550 0.000000 0.126850
006200 0.688 0.184575 0.000000 0.127206
006300 0.672 0.198838 0.000000 0.129387
006400 0.685 0.188056 0.000000 0.126481
006500 0.679 0.196056 0.000000 0.124675
006600 0.689 0.182900 0.000000 0.128550
006700 0.657 0.213819 0.000000 0.129506
006800 0.675 0.196612 0.000000 0.128425
006900 0.687 0.188806 0.000000 0.124656
007000 0.672 0.200288 0.000000 0.127400
007100 0.673 0.193662 0.000000 0.132944
007200 0.656 0.210750 0.000000 0.132950
007300 0.690 0.185613 0.000000 0.124431
007400 0.667 0.195675 0.000000 0.137125
007500 0.668 0.183975 0.000000 0.148219
007600 0.659 0.203456 0.000000 0.137894
007700 0.685 0.187850 0.000000 0.127550
007800 0.667 0.198112 0.000000 0.134550
007900 0.681 0.190862 0.000000 0.127994
008000 0.684 0.180206 0.000000 0.135619
008100 0.669 0.198712 0.000000 0.132431
008200 0.670 0.195181 0.000000 0.134469
008300 0.679 0.191700 0.000000 0.129175
008400 0.683 0.183631 0.000000 0.133538
008500 0.677 0.186862 0.000000 0.135669
008600 0.675 0.194912 0.000000 0.129950
008700 0.678 0.195700 0.000000 0.126138
008800 0.656 0.202069 0.000000 0.142187
008900 0.669 0.189650 0.000000 0.141444
009000 0.666 0.198219 0.000000 0.135431
009100 0.683 0.182262 0.000000 0.134369
009200 0.666 0.205894 0.000000 0.127750
009300 0.670 0.195969 0.000000 0.134419
009400 0.628 0.222156 0.000000 0.150338
009500 0.656 0.211944 0.000000 0.132356
009600 0.685 0.183200 0.000000 0.131344
009700 0.660 0.207356 0.000000 0.132994
009800 0.685 0.190287 0.000000 0.124419
009900 0.691 0.187713 0.000000 0.120963
010000 0.676 0.189713 0.000000 0.134156
010100 0.676 0.192681 0.000000 0.131263
010200 0.672 0.192556 0.000000 0.135906
010300 0.674 0.198331 0.000000 0.128163
010400 0.682 0.187238 0.000000 0.130331
010500 0.675 0.196625 0.000000 0.128544
010600 0.677 0.198406 0.000000 0.124206
010700 0.673 0.197681 0.000000 0.129106
010800 0.694 0.186056 0.000000 0.120431
010900 0.674 0.195963 0.000000 0.129594
011000 0.666 0.195675 0.000000 0.138469
011100 0.679 0.182812 0.000000 0.138088
011200 0.677 0.194763 0.000000 0.128469
011300 0.668 0.197919 0.000000 0.134200
011400 0.682 0.192969 0.000000 0.125519
011500 0.669 0.199844 0.000000 0.130781
011600 0.680 0.193781 0.000000 0.126062
011700 0.680 0.189650 0.000000 0.130662
011800 0.697 0.183819 0.000000 0.119331
011900 0.685 0.184456 0.000000 0.130650
012000 0.651 0.212244 0.000000 0.136294
012100 0.697 0.180019 0.000000 0.122769
012200 0.664 0.202800 0.000000 0.133169
012300 0.659 0.206113 0.000000 0.134469
012400 0.675 0.189963 0.000000 0.134844
012500 0.641 0.218163 0.000000 0.140400
012600 0.705 0.178069 0.000000 0.117038
012700 0.694 0.180544 0.000000 0.125350
012800 0.665 0.200825 0.000000 0.134106
012900 0.679 0.194500 0.000000 0.126163
013000 0.681 0.193419 0.000000 0.125869
013100 0.677 0.200212 0.000000 0.122550
013200 0.676 0.197656 0.000000 0.125919
013300 0.656 0.202081 0.000000 0.142325
013400 0.650 0.212681 0.000000 0.137375
013500 0.692 0.184106 0.000000 0.124131
013600 0.700 0.180519 0.000000 0.119406
013700 0.664 0.202731 0.000000 0.133419
013800 0.657 0.209131 0.000000 0.133738
013900 0.683 0.194406 0.000000 0.122925
014000 0.657 0.197831 0.000000 0.145281
014100 0.666 0.200775 0.000000 0.133513
014200 0.690 0.182550 0.000000 0.127681
014300 0.681 0.193644 0.000000 0.125362
014400 0.663 0.197750 0.000000 0.139431
014500 0.690 0.191431 0.000000 0.118550
014600 0.693 0.192169 0.000000 0.114850
014700 0.675 0.188769 0.000000 0.135969
014800 0.671 0.197575 0.000000 0.131856
014900 0.683 0.187956 0.000000 0.128644
015000 0.679 0.194219 0.000000 0.126431
015100 0.683 0.188312 0.000000 0.128600
015200 0.671 0.195788 0.000000 0.133300
015300 0.673 0.194256 0.000000 0.133112
015400 0.657 0.208756 0.000000 0.134244
015500 0.683 0.189244 0.000000 0.127319
015600 0.659 0.204825 0.000000 0.135794
015700 0.678 0.192025 0.000000 0.130406
015800 0.667 0.196850 0.000000 0.135800
015900 0.672 0.202194 0.000000 0.125975
016000 0.679 0.188475 0.000000 0.132744
016100 0.670 0.199881 0.000000 0.129713
016200 0.660 0.210863 0.000000 0.128794
016300 0.678 0.196200 0.000000 0.125450
016400 0.669 0.195175 0.000000 0.136094
016500 0.664 0.194800 0.000000 0.141175
016600 0.670 0.187144 0.000000 0.142788
016700 0.671 0.199038 0.000000 0.129819
016800 0.682 0.188562 0.000000 0.129819
016900 0.658 0.208794 0.000000 0.132800
017000 0.681 0.191625 0.000000 0.127419
017100 0.662 0.190981 0.000000 0.147075
017200 0.673 0.197700 0.000000 0.129263
017300 0.694 0.183700 0.000000 0.122100
017400 0.693 0.176906 0.000000 0.129819
017500 0.667 0.196513 0.000000 0.136925
017600 0.660 0.206644 0.000000 0.132925
017700 0.658 0.202831 0.000000 0.138763
017800 0.677 0.192744 0.000000 0.130350
017900 0.680 0.192694 0.000000 0.127581
018000 0.674 0.198862 0.000000 0.127369
018100 0.682 0.196387 0.000000 0.121237
018200 0.670 0.197538 0.000000 0.132038
018300 0.700 0.183787 0.000000 0.116381
018400 0.709 0.173919 0.000000 0.117031
018500 0.679 0.189969 0.000000 0.130856
018600 0.686 0.177063 0.000000 0.136712
018700 0.685 0.189144 0.000000 0.125744
018800 0.665 0.196631 0.000000 0.138813
018900 0.681 0.187600 0.000000 0.131587
019000 0.660 0.198313 0.000000 0.141844
019100 0.668 0.205813 0.000000 0.126663
019200 0.681 0.193337 0.000000 0.125625
019300 0.664 0.206113 0.000000 0.130131
019400 0.680 0.191794 0.000000 0.128625
019500 0.654 0.208731 0.000000 0.137394
019600 0.672 0.198800 0.000000 0.129381
019700 0.658 0.204256 0.000000 0.137662
019800 0.674 0.195100 0.000000 0.131119
019900 0.677 0.190381 0.000000 0.132238
020000 0.683 0.191025 0.000000 0.126262
