000000 0.249 0.249706 0.252487 0.249275
000100 0.580 0.269281 0.000000 0.150931
000200 0.569 0.271275 0.000000 0.159275
000300 0.595 0.258500 0.000000 0.146444
000400 0.588 0.266775 0.000000 0.145613
000500 0.578 0.274012 0.000000 0.148413
000600 0.584 0.264769 0.000000 0.151106
000700 0.582 0.271350 0.000000 0.146819
000800 0.567 0.279981 0.000000 0.153069
000900 0.564 0.285813 0.000000 0.150225
001000 0.585 0.264112 0.000000 0.150581
001100 0.577 0.281019 0.000000 0.141681
001200 0.601 0.259475 0.000000 0.139300
001300 0.579 0.268606 0.000000 0.152100
001400 0.586 0.269037 0.000000 0.144512
001500 0.568 0.281231 0.000000 0.150663
001600 0.582 0.264850 0.000000 0.152750
001700 0.606 0.249012 0.000000 0.144737
001800 0.575 0.273625 0.000000 0.151544
001900 0.569 0.266462 0.000000 0.164144
002000 0.580 0.267006 0.000000 0.153163
002100 0.599 0.255844 0.000000 0.144975
002200 0.582 0.270981 0.000000 0.147181
002300 0.576 0.266738 0.000000 0.157062
002400 0.582 0.260788 0.000000 0.157713
002500 0.593 0.267325 0.000000 0.139419
002600 0.586 0.271594 0.000000 0.142450
002700 0.589 0.261125 0.000000 0.149800
002800 0.584 0.262987 0.000000 0.153138
002900 0.584 0.265937 0.000000 0.150363
003000 0.589 0.263994 0.000000 0.146937
003100 0.604 0.250163 0.000000 0.145369
003200 0.577 0.277769 0.000000 0.145106
003300 0.572 0.268181 0.000000 0.160062
003400 0.591 0.262875 0.000000 0.146500
003500 0.580 0.271456 0.000000 0.148650
003600 0.587 0.269037 0.000000 0.143937
003700 0.589 0.256631 0.000000 0.154438
003800 0.600 0.258937 0.000000 0.140744
003900 0.574 0.263881 0.000000 0.162369
004000 0.600 0.256275 0.000000 0.143331
004100 0.595 0.259106 0.000000 0.146000
004200 0.595 0.270000 0.000000 0.134631
004300 0.571 0.274150 0.000000 0.155106
004400 0.588 0.260688 0.000000 0.151731
004500 0.588 0.268275 0.000000 0.143962
004600 0.601 0.262006 0.000000 0.136625
004700 0.571 0.271575 0.000000 0.157506
004800 0.587 0.266544 0.000000 0.146300
004900 0.587 0.269394 0.000000 0.143475
005000 0.563 0.279881 0.000000 0.156862
005100 0.592 0.262756 0.000000 0.145194
005200 0.589 0.259856 0.000000 0.150975
005300 0.585 0.259763 0.000000 0.155175
005400 0.585 0.264481 0.000000 0.150650
005500 0.590 0.265131 0.000000 0.144556
005600 0.571 0.278781 0.000000 0.150081
005700 0.571 0.274169 0.000000 0.154894
005800 0.595 0.263331 0.000000 0.141250
005900 0.577 0.265256 0.000000 0.157388
006000 0.592 0.261931 0.000000 0.146475
006100 0.577 0.284931 0.000000 0.138162
006200 0.569 0.279575 0.000000 0.151744
006300 0.574 0.274187 0.000000 0.151762
006400 0.586 0.259688 0.000000 0.154356
006500 0.579 0.278094 0.000000 0.143356
006600 0.576 0.277700 0.000000 0.146000
006700 0.595 0.259625 0.000000 0.145225
006800 0.568 0.271031 0.000000 0.161038
006900 0.586 0.264638 0.000000 0.149106
007000 0.562 0.283819 0.000000 0.154019
007100 0.579 0.267238 0.000000 0.153706
007200 0.587 0.257794 0.000000 0.155488
007300 0.591 0.267275 0.000000 0.141244
007400 0.569 0.278794 0.000000 0.151944
007500 0.594 0.260619 0.000000 0.145831
007600 0.568 0.279637 0.000000 0.152737
007700 0.602 0.250931 0.000000 0.147544
007800 0.583 0.273156 0.000000 0.144194
007900 0.597 0.255063 0.000000 0.147700
008000 0.567 0.277306 0.000000 0.155663
008100 0.594 0.267144 0.000000 0.139175
008200 0.600 0.255681 0.000000 0.144419
008300 0.574 0.279500 0.000000 0.146987
008400 0.605 0.252825 0.000000 0.142437
008500 0.571 0.277931 0.000000 0.151450
008600 0.588 0.252800 0.000000 0.159325
008700 0.588 0.263100 0.000000 0.149194
008800 0.586 0.261738 0.000000 0.152694
008900 0.578 0.269456 0.000000 0.152737
009000 0.568 0.280469 0.000000 0.151731
009100 0.561 0.281637 0.000000 0.157806
009200 0.593 0.254437 0.000000 0.152713
009300 0.591 0.260300 0.000000 0.148306
009400 0.592 0.264894 0.000000 0.143431
009500 0.579 0.270475 0.000000 0.150888
009600 0.588 0.255962 0.000000 0.156188
009700 0.595 0.256356 0.000000 0.148569
009800 0.571 0.279750 0.000000 0.148838
009900 0.611 0.245894 0.000000 0.143038
010000 0.591 0.267037 0.000000 0.141712
010100 0.577 0.269206 0.000000 0.154087
010200 0.592 0.256638 0.000000 0.151269
010300 0.573 0.273394 0.000000 0.153713
010400 0.568 0.279256 0.000000 0.152581
010500 0.555 0.283569 0.000000 0.160944
010600 0.592 0.255213 0.000000 0.152575
010700 0.584 0.265944 0.000000 0.150525
010800 0.581 0.265006 0.000000 0.154344
010900 0.592 0.257919 0.000000 0.150125
011000 0.597 0.256962 0.000000 0.146350
011100 0.587 0.266188 0.000000 0.146487
011200 0.578 0.272900 0.000000 0.148750
011300 0.587 0.259106 0.000000 0.154231
011400 0.565 0.280875 0.000000 0.154625
011500 0.584 0.275487 0.000000 0.140844
011600 0.574 0.269937 0.000000 0.155694
011700 0.578 0.263756 0.000000 0.157837
011800 0.593 0.266706 0.000000 0.140094
011900 0.569 0.270937 0.000000 0.160150
012000 0.586 0.264981 0.000000 0.149050
012100 0.579 0.270319 0.000000 0.150419
012200 0.575 0.278363 0.000000 0.146694
012300 0.571 0.271738 0.000000 0.156806
012400 0.599 0.250525 0.000000 0.150487
012500 0.577 0.269425 0.000000 0.153119
012600 0.607 0.245144 0.000000 0.147744
012700 0.601 0.258269 0.000000 0.141162
012800 0.587 0.264081 0.000000 0.148625
012900 0.593 0.267775 0.000000 0.139719
013000 0.575 0.272150 0.000000 0.153025
013100 0.580 0.268125 0.000000 0.152094
013200 0.581 0.268931 0.000000 0.149888
013300 0.583 0.268006 0.000000 0.149100
013400 0.584 0.279087 0.000000 0.137225
013500 0.567 0.272581 0.000000 0.160325
013600 0.575 0.279169 0.000000 0.145706
013700 0.590 0.256431 0.000000 0.153394
013800 0.591 0.265625 0.000000 0.143181
013900 0.583 0.270662 0.000000 0.146687
014000 0.585 0.263456 0.000000 0.151719
014100 0.584 0.265263 0.000000 0.150613
014200 0.564 0.277281 0.000000 0.158950
014300 0.606 0.254638 0.000000 0.139313
014400 0.593 0.262644 0.000000 0.144194
014500 0.576 0.276300 0.000000 0.148144
014600 0.573 0.275419 0.000000 0.151094
014700 0.608 0.249550 0.000000 0.142644
014800 0.583 0.273081 0.000000 0.143487
014900 0.591 0.266281 0.000000 0.142481
015000 0.562 0.279525 0.000000 0.158319
015100 0.602 0.251406 0.000000 0.146756
015200 0.572 0.274738 0.000000 0.153500
015300 0.591 0.263950 0.000000 0.145119
015400 0.569 0.278194 0.000000 0.152913
015500 0.600 0.256756 0.000000 0.142888
015600 0.574 0.277425 0.000000 0.148300
015700 0.583 0.268594 0.000000 0.148250
015800 0.587 0.264156 0.000000 0.148675
015900 0.580 0.269919 0.000000 0.150200
016000 0.577 0.267713 0.000000 0.154894
016100 0.567 0.280050 0.000000 0.153275
016200 0.576 0.273650 0.000000 0.150244
016300 0.579 0.263887 0.000000 0.156744
016400 0.586 0.269087 0.000000 0.144538
016500 0.597 0.255869 0.000000 0.147456
016600 0.570 0.278125 0.000000 0.151400
016700 0.596 0.262688 0.000000 0.141544
016800 0.565 0.277031 0.000000 0.157975
016900 0.582 0.274175 0.000000 0.144044
017000 0.595 0.255744 0.000000 0.149487
017100 0.597 0.258044 0.000000 0.144794
017200 0.571 0.271250 0.000000 0.157738
017300 0.586 0.267069 0.000000 0.146544
017400 0.596 0.261381 0.000000 0.142162
017500 0.561 0.271200 0.000000 0.167687
017600 0.577 0.276450 0.000000 0.146913
017700 0.583 0.268512 0.000000 0.148819
017800 0.589 0.259356 0.000000 0.151500
017900 0.576 0.274750 0.000000 0.149094
018000 0.566 0.277050 0.000000 0.156906
018100 0.570 0.282263 0.000000 0.147413
018200 0.585 0.270425 0.000000 0.144356
018300 0.579 0.269219 0.000000 0.151850
018400 0.589 0.263587 0.000000 0.146994
018500 0.576 0.275744 0.000000 0.148581
018600 0.588 0.269144 0.000000 0.142431
018700 0.581 0.265181 0.000000 0.153569
018800 0.597 0.253875 0.000000 0.149431
018900 0.580 0.270125 0.000000 0.149831
019000 0.598 0.257806 0.000000 0.144262
019100 0.586 0.271363 0.000000 0.142412
019200 0.596 0.252475 0.000000 0.151812
019300 0.592 0.262350 0.000000 0.145219
019400 0.580 0.267163 0.000000 0.152888
019500 0.589 0.269219 0.000000 0.141650
019600 0.592 0.259994 0.000000 0.147519
019700 0.566 0.274050 0.000000 0.159481
019800 0.585 0.264619 0.000000 0.150700
019900 0.588 0.269894 0.000000 0.141875
020000 0.577 0.271487 0.000000 0.151987
