000000 0.253 0.248706 0.248812 0.249819
000100 0.745 0.124750 0.000000 0.129912
000200 0.717 0.164788 0.000000 0.118375
000300 0.696 0.178294 0.000000 0.125562
000400 0.706 0.172606 0.000000 0.121119
000500 0.727 0.155356 0.000000 0.117294
000600 0.699 0.181181 0.000000 0.120094
000700 0.713 0.166506 0.000000 0.120131
000800 0.727 0.158463 0.000000 0.114837
000900 0.722 0.160200 0.000000 0.117544
001000 0.704 0.173181 0.000000 0.122963
001100 0.725 0.164875 0.000000 0.110375
001200 0.700 0.171675 0.000000 0.127975
001300 0.696 0.180850 0.000000 0.122956
001400 0.707 0.172544 0.000000 0.120075
001500 0.710 0.167838 0.000000 0.122313
001600 0.697 0.179694 0.000000 0.122963
001700 0.721 0.157169 0.000000 0.121362
001800 0.704 0.171113 0.000000 0.124938
001900 0.717 0.163219 0.000000 0.119725
002000 0.695 0.178969 0.000000 0.126425
002100 0.707 0.172737 0.000000 0.120056
002200 0.722 0.165056 0.000000 0.112900
002300 0.699 0.177419 0.000000 0.123537
002400 0.703 0.171838 0.000000 0.124863
002500 0.714 0.171756 0.000000 0.114113
002600 0.696 0.180356 0.000000 0.124044
002700 0.713 0.165162 0.000000 0.122181
002800 0.687 0.190125 0.000000 0.122775
002900 0.701 0.174031 0.000000 0.124831
003000 0.707 0.170469 0.000000 0.122056
003100 0.707 0.164150 0.000000 0.129219
003200 0.701 0.175225 0.000000 0.124037
003300 0.714 0.165488 0.000000 0.120744
003400 0.709 0.172231 0.000000 0.118575
003500 0.709 0.172513 0.000000 0.118631
003600 0.701 0.170681 0.000000 0.128025
003700 0.706 0.165556 0.000000 0.128681
003800 0.712 0.164325 0.000000 0.124081
003900 0.699 0.178919 0.000000 0.122450
004000 0.712 0.172937 0.000000 0.115050
004100 0.696 0.181044 0.000000 0.123294
004200 0.691 0.177425 0.000000 0.131975
004300 0.700 0.175675 0.000000 0.124075
004400 0.695 0.174269 0.000000 0.131019
004500 0.720 0.164806 0.000000 0.115644
004600 0.710 0.176100 0.000000 0.113756
004700 0.710 0.167763 0.000000 0.121788
004800 0.712 0.170119 0.000000 0.118119
004900 0.700 0.169794 0.000000 0.130087
005000 0.731 0.158619 0.000000 0.110525
005100 0.714 0.172094 0.000000 0.114369
005200 0.706 0.168256 0.000000 0.126188
005300 0.697 0.175237 0.000000 0.127381
005400 0.708 0.171281 0.000000 0.121144
005500 0.707 0.169150 0.000000 0.123362
005600 0.713 0.167731 0.000000 0.118962
005700 0.718 0.165862 0.000000 0.115875
005800 0.730 0.158000 0.000000 0.111900
005900 0.702 0.176406 0.000000 0.121456
006000 0.707 0.170737 0.000000 0.122494
006100 0.710 0.161612 0.000000 0.128587
006200 0.709 0.172956 0.000000 0.118156
006300 0.729 0.156850 0.000000 0.114238
006400 0.708 0.167119 0.000000 0.124425
006500 0.687 0.174525 0.000000 0.138781
006600 0.709 0.167231 0.000000 0.123506
006700 0.689 0.180863 0.000000 0.130062
006800 0.694 0.173113 0.000000 0.133125
006900 0.711 0.169881 0.000000 0.119400
007000 0.705 0.171513 0.000000 0.123869
007100 0.696 0.182756 0.000000 0.121262
007200 0.695 0.172887 0.000000 0.132469
007300 0.700 0.172481 0.000000 0.127369
007400 0.707 0.169856 0.000000 0.123456
007500 0.729 0.154312 0.000000 0.117163
007600 0.711 0.159925 0.000000 0.128600
007700 0.705 0.166119 0.000000 0.128438
007800 0.696 0.176212 0.000000 0.127669
007900 0.708 0.168538 0.000000 0.123544
008000 0.699 0.175563 0.000000 0.125362
008100 0.707 0.165162 0.000000 0.127587
008200 0.700 0.179469 0.000000 0.120706
008300 0.714 0.161637 0.000000 0.124688
008400 0.717 0.153906 0.000000 0.129194
008500 0.716 0.166063 0.000000 0.118013
008600 0.703 0.174687 0.000000 0.122506
008700 0.715 0.167669 0.000000 0.116900
008800 0.719 0.163175 0.000000 0.117431
008900 0.693 0.177500 0.000000 0.129850
009000 0.697 0.175519 0.000000 0.127600
009100 0.690 0.188663 0.000000 0.121575
009200 0.714 0.164919 0.000000 0.121275
009300 0.718 0.162306 0.000000 0.119619
009400 0.707 0.166269 0.000000 0.126269
009500 0.690 0.176081 0.000000 0.134100
009600 0.700 0.177144 0.000000 0.122875
009700 0.716 0.166319 0.000000 0.118069
009800 0.696 0.182506 0.000000 0.121975
009900 0.683 0.188600 0.000000 0.128056
010000 0.687 0.180631 0.000000 0.132169
010100 0.687 0.184512 0.000000 0.128200
010200 0.686 0.182775 0.000000 0.131250
010300 0.691 0.183512 0.000000 0.125156
010400 0.712 0.164919 0.000000 0.122956
010500 0.704 0.173906 0.000000 0.121963
010600 0.700 0.179244 0.000000 0.121181
010700 0.711 0.165988 0.000000 0.122725
010800 0.677 0.189519 0.000000 0.133950
010900 0.701 0.176306 0.000000 0.122887
011000 0.698 0.178681 0.000000 0.123256
011100 0.715 0.165819 0.000000 0.119344
011200 0.713 0.166612 0.000000 0.120025
011300 0.687 0.187581 0.000000 0.125756
011400 0.703 0.173056 0.000000 0.123725
011500 0.692 0.177894 0.000000 0.130275
011600 0.696 0.181650 0.000000 0.122544
011700 0.718 0.163294 0.000000 0.118469
011800 0.699 0.173475 0.000000 0.128013
011900 0.713 0.164050 0.000000 0.123419
012000 0.694 0.177969 0.000000 0.127625
012100 0.695 0.173144 0.000000 0.131650
012200 0.702 0.182287 0.000000 0.115737
012300 0.710 0.170500 0.000000 0.119419
012400 0.709 0.165912 0.000000 0.125337
012500 0.714 0.175825 0.000000 0.110656
012600 0.717 0.168719 0.000000 0.114494
012700 0.730 0.157331 0.000000 0.112863
012800 0.717 0.166850 0.000000 0.116106
012900 0.721 0.162900 0.000000 0.116044
013000 0.707 0.174081 0.000000 0.119269
013100 0.698 0.171937 0.000000 0.129806
013200 0.721 0.163994 0.000000 0.114831
013300 0.709 0.170650 0.000000 0.120094
013400 0.723 0.154494 0.000000 0.122869
013500 0.693 0.173681 0.000000 0.133213
013600 0.688 0.187419 0.000000 0.124550
013700 0.698 0.177494 0.000000 0.124306
013800 0.720 0.162100 0.000000 0.117756
013900 0.700 0.171613 0.000000 0.128794
014000 0.705 0.172662 0.000000 0.122156
014100 0.681 0.189281 0.000000 0.129669
014200 0.698 0.176388 0.000000 0.125475
014300 0.697 0.178575 0.000000 0.124031
014400 0.717 0.165819 0.000000 0.117306
014500 0.719 0.160125 0.000000 0.121275
014600 0.714 0.165356 0.000000 0.121031
014700 0.717 0.162600 0.000000 0.120119
014800 0.722 0.159037 0.000000 0.119313
014900 0.728 0.155550 0.000000 0.116875
015000 0.718 0.163463 0.000000 0.118163
015100 0.719 0.158694 0.000000 0.122512
015200 0.689 0.180875 0.000000 0.130325
015300 0.698 0.177625 0.000000 0.124238
015400 0.684 0.185169 0.000000 0.130469
015500 0.699 0.178712 0.000000 0.122425
015600 0.700 0.168000 0.000000 0.131631
015700 0.695 0.176313 0.000000 0.128438
015800 0.695 0.174950 0.000000 0.129581
015900 0.709 0.174231 0.000000 0.116606
016000 0.696 0.177800 0.000000 0.126169
016100 0.708 0.171069 0.000000 0.120800
016200 0.702 0.172625 0.000000 0.125806
016300 0.713 0.161475 0.000000 0.125819
016400 0.683 0.180287 0.000000 0.137169
016500 0.696 0.185694 0.000000 0.118106
016600 0.722 0.164112 0.000000 0.114250
016700 0.699 0.181656 0.000000 0.119038
016800 0.715 0.165881 0.000000 0.119156
016900 0.705 0.178537 0.000000 0.116312
017000 0.692 0.178287 0.000000 0.129812
017100 0.700 0.175169 0.000000 0.124356
017200 0.704 0.175444 0.000000 0.120675
017300 0.705 0.177344 0.000000 0.117237
017400 0.733 0.156800 0.000000 0.109725
017500 0.700 0.174556 0.000000 0.125463
017600 0.720 0.160025 0.000000 0.120394
017700 0.718 0.162912 0.000000 0.119413
017800 0.694 0.176056 0.000000 0.130100
017900 0.706 0.164475 0.000000 0.129094
018000 0.718 0.158744 0.000000 0.123450
018100 0.746 0.144794 0.000000 0.109537
018200 0.702 0.173025 0.000000 0.125425
018300 0.684 0.183231 0.000000 0.132387
018400 0.734 0.149769 0.000000 0.116206
018500 0.708 0.172231 0.000000 0.119612
018600 0.691 0.182787 0.000000 0.125931
018700 0.694 0.171700 0.000000 0.134337
018800 0.704 0.168775 0.000000 0.126994
018900 0.709 0.166969 0.000000 0.123750
019000 0.717 0.169256 0.000000 0.113919
019100 0.692 0.178088 0.000000 0.130031
019200 0.691 0.178500 0.000000 0.130831
019300 0.698 0.178481 0.000000 0.123750
019400 0.705 0.169675 0.000000 0.125506
019500 0.694 0.177444 0.000000 0.128506
019600 0.713 0.166600 0.000000 0.120431
019700 0.689 0.183319 0.000000 0.127587
019800 0.694 0.177694 0.000000 0.128131
019900 0.709 0.171169 0.000000 0.119438
020000 0.718 0.166513 0.000000 0.115944
