000000 0.249 0.251213 0.248537 0.251294
000100 0.586 0.257537 0.000000 0.156869
000200 0.565 0.274388 0.000000 0.160719
000300 0.578 0.267725 0.000000 0.153825
000400 0.580 0.271481 0.000000 0.148250
000500 0.572 0.288463 0.000000 0.139281
000600 0.562 0.279863 0.000000 0.158112
000700 0.578 0.282494 0.000000 0.139975
000800 0.560 0.285562 0.000000 0.154919
000900 0.587 0.272425 0.000000 0.140288
001000 0.569 0.275012 0.000000 0.156138
001100 0.573 0.280694 0.000000 0.146094
001200 0.575 0.272956 0.000000 0.151756
001300 0.555 0.283481 0.000000 0.161119
001400 0.583 0.269231 0.000000 0.147650
001500 0.580 0.265044 0.000000 0.155362
001600 0.592 0.264962 0.000000 0.143325
001700 0.553 0.284825 0.000000 0.162412
001800 0.566 0.279788 0.000000 0.153906
001900 0.573 0.283519 0.000000 0.143712
002000 0.577 0.268744 0.000000 0.153775
002100 0.578 0.281050 0.000000 0.141356
002200 0.570 0.280750 0.000000 0.148875
002300 0.565 0.284394 0.000000 0.150962
002400 0.585 0.270956 0.000000 0.144538
002500 0.561 0.287594 0.000000 0.151806
002600 0.537 0.289094 0.000000 0.173813
002700 0.589 0.256231 0.000000 0.154644
002800 0.590 0.269869 0.000000 0.140137
002900 0.532 0.305000 0.000000 0.162725
003000 0.591 0.260719 0.000000 0.148450
003100 0.571 0.276481 0.000000 0.152062
003200 0.583 0.263012 0.000000 0.153831
003300 0.568 0.277313 0.000000 0.154681
003400 0.583 0.270350 0.000000 0.146775
003500 0.550 0.289331 0.000000 0.160644
003600 0.557 0.285575 0.000000 0.157706
003700 0.572 0.275200 0.000000 0.152737
003800 0.588 0.264738 0.000000 0.147744
003900 0.586 0.270544 0.000000 0.143175
004000 0.587 0.269531 0.000000 0.143544
004100 0.564 0.283788 0.000000 0.152475
004200 0.563 0.281556 0.000000 0.155888
004300 0.590 0.259650 0.000000 0.150694
004400 0.583 0.269331 0.000000 0.148144
004500 0.572 0.280000 0.000000 0.147669
004600 0.543 0.298194 0.000000 0.159200
004700 0.564 0.281637 0.000000 0.154044
004800 0.595 0.261031 0.000000 0.143563
004900 0.567 0.280200 0.000000 0.152644
005000 0.576 0.272606 0.000000 0.151413
005100 0.565 0.276094 0.000000 0.158981
005200 0.582 0.266400 0.000000 0.151444
005300 0.570 0.283363 0.000000 0.146800
005400 0.587 0.270344 0.000000 0.142719
005500 0.570 0.271313 0.000000 0.158200
005600 0.567 0.281556 0.000000 0.151694
005700 0.582 0.269806 0.000000 0.147975
005800 0.558 0.283938 0.000000 0.158444
005900 0.542 0.286262 0.000000 0.171994
006000 0.568 0.276156 0.000000 0.156269
006100 0.564 0.287006 0.000000 0.149350
006200 0.583 0.284181 0.000000 0.132994
006300 0.587 0.264600 0.000000 0.148419
006400 0.558 0.282050 0.000000 0.160200
006500 0.576 0.279344 0.000000 0.144737
006600 0.579 0.284100 0.000000 0.136775
006700 0.580 0.264525 0.000000 0.155331
006800 0.576 0.279850 0.000000 0.143975
006900 0.566 0.282869 0.000000 0.150787
007000 0.573 0.270531 0.000000 0.156238
007100 0.582 0.271575 0.000000 0.146431
007200 0.575 0.280338 0.000000 0.144613
007300 0.591 0.264437 0.000000 0.144225
007400 0.573 0.276900 0.000000 0.150181
007500 0.580 0.267819 0.000000 0.151725
007600 0.598 0.256281 0.000000 0.146131
007700 0.564 0.290094 0.000000 0.146256
007800 0.580 0.266550 0.000000 0.153375
007900 0.569 0.279025 0.000000 0.151956
008000 0.560 0.288237 0.000000 0.151550
008100 0.594 0.265012 0.000000 0.141363
008200 0.578 0.277019 0.000000 0.145025
008300 0.563 0.294619 0.000000 0.141994
008400 0.558 0.280363 0.000000 0.161944
008500 0.566 0.283181 0.000000 0.151081
008600 0.569 0.285294 0.000000 0.145288
008700 0.566 0.277650 0.000000 0.156681
008800 0.550 0.292612 0.000000 0.157037
008900 0.589 0.262450 0.000000 0.148313
009000 0.555 0.288469 0.000000 0.156663
009100 0.584 0.267100 0.000000 0.149394
009200 0.573 0.280100 0.000000 0.146787
009300 0.562 0.282869 0.000000 0.155012
009400 0.564 0.286500 0.000000 0.149944
009500 0.549 0.291144 0.000000 0.159425
009600 0.580 0.266663 0.000000 0.153044
009700 0.556 0.294438 0.000000 0.149394
009800 0.570 0.279969 0.000000 0.150219
009900 0.573 0.276738 0.000000 0.149781
010000 0.556 0.291656 0.000000 0.152150
010100 0.573 0.280250 0.000000 0.146356
010200 0.579 0.277106 0.000000 0.143863
010300 0.549 0.283913 0.000000 0.166769
010400 0.560 0.279037 0.000000 0.160850
010500 0.562 0.281919 0.000000 0.155625
010600 0.582 0.266500 0.000000 0.151012
010700 0.564 0.280244 0.000000 0.155819
010800 0.579 0.264200 0.000000 0.157012
010900 0.598 0.263194 0.000000 0.139100
011000 0.554 0.290575 0.000000 0.155238
011100 0.579 0.271825 0.000000 0.149000
011200 0.548 0.282363 0.000000 0.170125
011300 0.579 0.272019 0.000000 0.149025
011400 0.571 0.268981 0.000000 0.159981
011500 0.586 0.271825 0.000000 0.142425
011600 0.568 0.278712 0.000000 0.153650
011700 0.573 0.281037 0.000000 0.146425
011800 0.548 0.281813 0.000000 0.170225
011900 0.592 0.258756 0.000000 0.149200
012000 0.575 0.272631 0.000000 0.152300
012100 0.580 0.270500 0.000000 0.149894
012200 0.563 0.289481 0.000000 0.148000
012300 0.574 0.276763 0.000000 0.149406
012400 0.588 0.265394 0.000000 0.146619
012500 0.580 0.274731 0.000000 0.145506
012600 0.568 0.277975 0.000000 0.154275
012700 0.577 0.272087 0.000000 0.151381
012800 0.600 0.245938 0.000000 0.154494
012900 0.561 0.288394 0.000000 0.150550
013000 0.585 0.270219 0.000000 0.144600
013100 0.580 0.268750 0.000000 0.150781
013200 0.543 0.296975 0.000000 0.160000
013300 0.600 0.248850 0.000000 0.150994
013400 0.568 0.280269 0.000000 0.151700
013500 0.579 0.271081 0.000000 0.149525
013600 0.572 0.272819 0.000000 0.155219
013700 0.557 0.283463 0.000000 0.159125
013800 0.569 0.280000 0.000000 0.150787
013900 0.557 0.285013 0.000000 0.158044
014000 0.565 0.277075 0.000000 0.157706
014100 0.587 0.261556 0.000000 0.151919
014200 0.592 0.264850 0.000000 0.143613
014300 0.579 0.270650 0.000000 0.149956
014400 0.558 0.284187 0.000000 0.157506
014500 0.578 0.278344 0.000000 0.143437
014600 0.563 0.283463 0.000000 0.153875
014700 0.592 0.261838 0.000000 0.146050
014800 0.558 0.291988 0.000000 0.149906
014900 0.576 0.265713 0.000000 0.158362
015000 0.591 0.264188 0.000000 0.145169
015100 0.571 0.281844 0.000000 0.147644
015200 0.560 0.287463 0.000000 0.152600
015300 0.567 0.283737 0.000000 0.149088
015400 0.576 0.271394 0.000000 0.152512
015500 0.563 0.284106 0.000000 0.153181
015600 0.572 0.282788 0.000000 0.145606
015700 0.566 0.275844 0.000000 0.157800
015800 0.565 0.277562 0.000000 0.157506
015900 0.577 0.273331 0.000000 0.149969
016000 0.577 0.275413 0.000000 0.148000
016100 0.567 0.274056 0.000000 0.159256
016200 0.577 0.276900 0.000000 0.145625
016300 0.570 0.274388 0.000000 0.155231
016400 0.586 0.269700 0.000000 0.144525
016500 0.571 0.270863 0.000000 0.157794
016600 0.575 0.273219 0.000000 0.152163
016700 0.574 0.271788 0.000000 0.154175
016800 0.567 0.273600 0.000000 0.159694
016900 0.561 0.294156 0.000000 0.144394
017000 0.561 0.277650 0.000000 0.161781
017100 0.577 0.263656 0.000000 0.159825
017200 0.565 0.279819 0.000000 0.155169
017300 0.567 0.279506 0.000000 0.153913
017400 0.593 0.265706 0.000000 0.141419
017500 0.570 0.274994 0.000000 0.155438
017600 0.599 0.255719 0.000000 0.145375
017700 0.552 0.290106 0.000000 0.158100
017800 0.593 0.266025 0.000000 0.140881
017900 0.566 0.271500 0.000000 0.162656
018000 0.573 0.283375 0.000000 0.143144
018100 0.559 0.282425 0.000000 0.158650
018200 0.572 0.263331 0.000000 0.164369
018300 0.565 0.281500 0.000000 0.153138
018400 0.555 0.287625 0.000000 0.157362
018500 0.588 0.262113 0.000000 0.149575
018600 0.546 0.293844 0.000000 0.159900
018700 0.570 0.279463 0.000000 0.150069
018800 0.579 0.266669 0.000000 0.154100
018900 0.581 0.273350 0.000000 0.145819
019000 0.559 0.287306 0.000000 0.153963
019100 0.587 0.264775 0.000000 0.148306
019200 0.565 0.277700 0.000000 0.157650
019300 0.575 0.270350 0.000000 0.154681
019400 0.587 0.265644 0.000000 0.146969
019500 0.589 0.271506 0.000000 0.139387
019600 0.571 0.271000 0.000000 0.158188
019700 0.563 0.285075 0.000000 0.152406
019800 0.590 0.261231 0.000000 0.148569
019900 0.574 0.272637 0.000000 0.153519
020000 0.597 0.262813 0.000000 0.140613
