000000 0.249 0.250050 0.250862 0.249694
000100 0.610 0.227550 0.000000 0.162875
000200 0.636 0.224881 0.000000 0.139419
000300 0.621 0.236056 0.000000 0.143138
000400 0.636 0.228362 0.000000 0.135419
000500 0.624 0.230162 0.000000 0.145413
000600 0.642 0.221319 0.000000 0.136369
000700 0.609 0.234013 0.000000 0.157012
000800 0.627 0.233706 0.000000 0.139525
000900 0.609 0.234181 0.000000 0.157206
001000 0.641 0.224738 0.000000 0.134019
001100 0.617 0.242794 0.000000 0.140000
001200 0.627 0.227469 0.000000 0.145906
001300 0.636 0.227275 0.000000 0.136338
001400 0.637 0.230744 0.000000 0.132200
001500 0.626 0.238669 0.000000 0.135362
001600 0.613 0.243838 0.000000 0.143081
001700 0.601 0.256319 0.000000 0.143000
001800 0.619 0.241281 0.000000 0.139525
001900 0.618 0.226506 0.000000 0.155481
002000 0.626 0.228006 0.000000 0.145725
002100 0.631 0.230906 0.000000 0.138219
002200 0.619 0.233200 0.000000 0.148113
002300 0.615 0.245781 0.000000 0.139394
002400 0.621 0.236456 0.000000 0.142344
002500 0.632 0.233887 0.000000 0.134606
002600 0.625 0.235662 0.000000 0.139725
002700 0.619 0.233556 0.000000 0.147563
002800 0.628 0.234444 0.000000 0.137444
002900 0.621 0.234794 0.000000 0.144350
003000 0.633 0.231625 0.000000 0.135513
003100 0.656 0.212787 0.000000 0.131500
003200 0.638 0.222694 0.000000 0.139538
003300 0.626 0.229750 0.000000 0.143900
003400 0.607 0.234694 0.000000 0.157862
003500 0.609 0.243894 0.000000 0.146894
003600 0.639 0.224394 0.000000 0.136338
003700 0.632 0.232319 0.000000 0.135775
003800 0.624 0.237462 0.000000 0.138538
003900 0.603 0.251175 0.000000 0.145363
004000 0.631 0.233644 0.000000 0.135125
004100 0.628 0.232063 0.000000 0.139863
004200 0.630 0.232056 0.000000 0.137700
004300 0.635 0.225931 0.000000 0.138719
004400 0.626 0.224181 0.000000 0.149894
004500 0.625 0.237344 0.000000 0.138019
004600 0.646 0.219681 0.000000 0.134444
004700 0.612 0.247231 0.000000 0.141006
004800 0.626 0.230900 0.000000 0.142625
004900 0.620 0.234013 0.000000 0.145931
005000 0.623 0.239656 0.000000 0.137187
005100 0.626 0.235656 0.000000 0.138381
005200 0.655 0.214206 0.000000 0.130581
005300 0.623 0.237912 0.000000 0.139162
005400 0.628 0.236844 0.000000 0.135144
005500 0.630 0.230687 0.000000 0.139344
005600 0.629 0.234625 0.000000 0.136637
005700 0.633 0.224075 0.000000 0.142856
005800 0.611 0.248925 0.000000 0.139987
005900 0.662 0.211506 0.000000 0.126963
006000 0.615 0.237869 0.000000 0.147206
006100 0.617 0.240306 0.000000 0.142563
006200 0.626 0.231606 0.000000 0.142475
006300 0.617 0.230525 0.000000 0.152562
006400 0.644 0.224631 0.000000 0.131331
006500 0.638 0.225794 0.000000 0.136625
006600 0.616 0.239269 0.000000 0.145012
006700 0.629 0.232112 0.000000 0.138588
006800 0.638 0.223562 0.000000 0.138281
006900 0.635 0.226200 0.000000 0.138362
007000 0.622 0.237175 0.000000 0.140844
007100 0.636 0.226456 0.000000 0.137381
007200 0.607 0.247181 0.000000 0.145450
007300 0.641 0.224650 0.000000 0.134644
007400 0.631 0.227238 0.000000 0.141625
007500 0.629 0.230200 0.000000 0.140575
007600 0.633 0.227169 0.000000 0.139788
007700 0.633 0.228563 0.000000 0.138469
007800 0.642 0.224713 0.000000 0.132988
007900 0.634 0.226513 0.000000 0.139381
008000 0.626 0.237225 0.000000 0.137094
008100 0.633 0.222344 0.000000 0.144156
008200 0.630 0.229494 0.000000 0.140819
008300 0.633 0.232437 0.000000 0.135031
008400 0.623 0.240737 0.000000 0.136544
008500 0.638 0.225875 0.000000 0.136331
008600 0.626 0.229394 0.000000 0.145038
008700 0.615 0.247837 0.000000 0.136719
008800 0.644 0.227387 0.000000 0.129006
008900 0.630 0.232419 0.000000 0.137450
009000 0.622 0.235931 0.000000 0.142425
009100 0.634 0.226950 0.000000 0.138563
009200 0.611 0.246519 0.000000 0.142594
009300 0.644 0.214469 0.000000 0.141175
009400 0.625 0.240825 0.000000 0.134087
009500 0.644 0.224144 0.000000 0.131481
009600 0.648 0.218463 0.000000 0.134006
009700 0.637 0.230650 0.000000 0.132744
009800 0.646 0.223219 0.000000 0.130862
009900 0.620 0.243188 0.000000 0.136806
010000 0.628 0.222469 0.000000 0.149344
010100 0.632 0.237863 0.000000 0.129769
010200 0.638 0.228331 0.000000 0.133969
010300 0.622 0.234613 0.000000 0.143450
010400 0.642 0.226875 0.000000 0.131125
010500 0.624 0.236931 0.000000 0.139356
010600 0.640 0.223825 0.000000 0.136263
010700 0.632 0.228056 0.000000 0.139581
010800 0.646 0.217819 0.000000 0.136675
010900 0.629 0.227294 0.000000 0.144187
011000 0.642 0.225306 0.000000 0.132637
011100 0.603 0.248256 0.000000 0.149156
011200 0.642 0.228719 0.000000 0.129006
011300 0.631 0.228706 0.000000 0.139900
011400 0.632 0.232475 0.000000 0.135350
011500 0.633 0.228494 0.000000 0.138269
011600 0.611 0.244025 0.000000 0.144594
011700 0.638 0.227075 0.000000 0.135219
011800 0.625 0.229988 0.000000 0.144956
011900 0.616 0.239925 0.000000 0.144119
012000 0.635 0.222787 0.000000 0.142506
012100 0.616 0.246287 0.000000 0.137456
012200 0.626 0.227019 0.000000 0.147181
012300 0.611 0.242669 0.000000 0.145987
012400 0.633 0.234906 0.000000 0.132406
012500 0.609 0.239944 0.000000 0.150706
012600 0.641 0.220500 0.000000 0.138850
012700 0.643 0.217150 0.000000 0.139400
012800 0.646 0.221750 0.000000 0.132175
012900 0.611 0.251256 0.000000 0.137581
013000 0.623 0.230838 0.000000 0.146313
013100 0.616 0.242631 0.000000 0.141019
013200 0.630 0.224256 0.000000 0.146106
013300 0.647 0.217544 0.000000 0.135412
013400 0.605 0.251844 0.000000 0.142931
013500 0.636 0.222494 0.000000 0.141013
013600 0.628 0.234856 0.000000 0.136788
013700 0.649 0.215650 0.000000 0.135675
013800 0.629 0.228100 0.000000 0.142644
013900 0.629 0.230381 0.000000 0.140237
014000 0.639 0.225819 0.000000 0.134850
014100 0.631 0.233431 0.000000 0.135881
014200 0.632 0.230200 0.000000 0.138025
014300 0.633 0.223887 0.000000 0.143025
014400 0.621 0.233881 0.000000 0.145138
014500 0.647 0.219881 0.000000 0.133313
014600 0.630 0.227269 0.000000 0.142825
014700 0.613 0.250262 0.000000 0.136606
014800 0.633 0.229313 0.000000 0.137788
014900 0.635 0.229069 0.000000 0.136412
015000 0.625 0.228881 0.000000 0.145644
015100 0.626 0.230650 0.000000 0.142962
015200 0.634 0.231962 0.000000 0.133981
015300 0.643 0.220238 0.000000 0.137019
015400 0.631 0.230619 0.000000 0.137956
015500 0.643 0.224025 0.000000 0.133381
015600 0.617 0.239500 0.000000 0.143487
015700 0.614 0.235712 0.000000 0.150088
015800 0.632 0.234775 0.000000 0.133175
015900 0.625 0.233094 0.000000 0.142394
016000 0.617 0.237925 0.000000 0.145187
016100 0.632 0.230494 0.000000 0.137325
016200 0.644 0.223869 0.000000 0.132275
016300 0.635 0.222550 0.000000 0.142912
016400 0.625 0.228794 0.000000 0.146619
016500 0.623 0.230556 0.000000 0.146638
016600 0.632 0.232369 0.000000 0.135713
016700 0.651 0.215737 0.000000 0.133394
016800 0.625 0.234719 0.000000 0.140356
016900 0.627 0.227975 0.000000 0.145044
017000 0.611 0.244925 0.000000 0.143631
017100 0.646 0.224119 0.000000 0.129587
017200 0.623 0.229119 0.000000 0.147775
017300 0.633 0.234881 0.000000 0.132131
017400 0.658 0.208481 0.000000 0.133387
017500 0.616 0.241144 0.000000 0.142813
017600 0.650 0.220819 0.000000 0.129294
017700 0.629 0.223738 0.000000 0.147012
017800 0.600 0.247875 0.000000 0.152431
017900 0.636 0.223450 0.000000 0.140212
018000 0.639 0.225625 0.000000 0.135406
018100 0.627 0.235600 0.000000 0.136937
018200 0.619 0.237769 0.000000 0.143200
018300 0.649 0.219638 0.000000 0.131806
018400 0.618 0.244581 0.000000 0.137275
018500 0.635 0.225350 0.000000 0.139369
018600 0.636 0.232781 0.000000 0.131031
018700 0.632 0.227337 0.000000 0.140275
018800 0.620 0.242075 0.000000 0.138000
018900 0.626 0.234363 0.000000 0.139969
019000 0.632 0.228594 0.000000 0.139175
019100 0.620 0.239806 0.000000 0.140137
019200 0.636 0.228369 0.000000 0.135362
019300 0.647 0.215938 0.000000 0.137300
019400 0.626 0.232831 0.000000 0.141450
019500 0.630 0.226325 0.000000 0.143856
019600 0.645 0.224950 0.000000 0.130256
019700 0.629 0.230531 0.000000 0.140263
019800 0.614 0.239581 0.000000 0.146800
019900 0.640 0.227963 0.000000 0.131700
020000 0.634 0.231825 0.000000 0.134344
