000000 0.249 0.251837 0.247781 0.251063
000100 0.000 0.558381 0.000000 0.441350
000200 0.000 0.555469 0.000000 0.444531
000300 0.000 0.564887 0.000000 0.435113
000400 0.000 0.567131 0.000000 0.432869
000500 0.000 0.561131 0.000000 0.438869
000600 0.000 0.563794 0.000000 0.436206
000700 0.000 0.557869 0.000000 0.442131
000800 0.000 0.547000 0.000000 0.453000
000900 0.000 0.565700 0.000000 0.434300
001000 0.000 0.546431 0.000000 0.453569
001100 0.000 0.545856 0.000000 0.454144
001200 0.000 0.556375 0.000000 0.443625
001300 0.000 0.557894 0.000000 0.442106
001400 0.000 0.555431 0.000000 0.444569
001500 0.000 0.574606 0.000000 0.425394
001600 0.000 0.575388 0.000000 0.424613
001700 0.000 0.582750 0.000000 0.417250
001800 0.000 0.587725 0.000000 0.412275
001900 0.000 0.598556 0.000000 0.401444
002000 0.000 0.599938 0.000000 0.400062
002100 0.000 0.603469 0.000000 0.396531
002200 0.000 0.600206 0.000000 0.399794
002300 0.000 0.596150 0.000000 0.403850
002400 0.000 0.590156 0.000000 0.409844
002500 0.000 0.591400 0.000000 0.408600
002600 0.000 0.594219 0.000000 0.405781
002700 0.000 0.597081 0.000000 0.402919
002800 0.000 0.598938 0.000000 0.401062
002900 0.000 0.594800 0.000000 0.405200
003000 0.000 0.599319 0.000000 0.400681
003100 0.000 0.596519 0.000000 0.403481
003200 0.000 0.592850 0.000000 0.407150
003300 0.000 0.595800 0.000000 0.404200
003400 0.000 0.590350 0.000000 0.409650
003500 0.000 0.588094 0.000000 0.411906
003600 0.000 0.587319 0.000000 0.412681
003700 0.000 0.593675 0.000000 0.406325
003800 0.000 0.594156 0.000000 0.405844
003900 0.000 0.601862 0.000000 0.398137
004000 0.000 0.594331 0.000000 0.405669
004100 0.000 0.604556 0.000000 0.395444
004200 0.000 0.601625 0.000000 0.398375
004300 0.000 0.600156 0.000000 0.399844
004400 0.000 0.594712 0.000000 0.405288
004500 0.000 0.589869 0.000000 0.410131
004600 0.000 0.597762 0.000000 0.402238
004700 0.000 0.600969 0.000000 0.399031
004800 0.000 0.598856 0.000000 0.401144
004900 0.000 0.590575 0.000000 0.409425
005000 0.000 0.597694 0.000000 0.402306
005100 0.000 0.590987 0.000000 0.409013
005200 0.000 0.590800 0.000000 0.409200
005300 0.000 0.582556 0.000000 0.417444
005400 0.000 0.589375 0.000000 0.410625
005500 0.000 0.593406 0.000000 0.406594
005600 0.000 0.591756 0.000000 0.408244
005700 0.000 0.601875 0.000000 0.398125
005800 0.000 0.614788 0.000000 0.385213
005900 0.000 0.603100 0.000000 0.396900
006000 0.000 0.595606 0.000000 0.404394
006100 0.000 0.585594 0.000000 0.414406
006200 0.000 0.597444 0.000000 0.402556
006300 0.000 0.590981 0.000000 0.409019
006400 0.000 0.590775 0.000000 0.409225
006500 0.000 0.595556 0.000000 0.404444
006600 0.000 0.601319 0.000000 0.398681
006700 0.000 0.604988 0.000000 0.395012
006800 0.000 0.618681 0.000000 0.381319
006900 0.000 0.614044 0.000000 0.385956
007000 0.000 0.615644 0.000000 0.384356
007100 0.000 0.611938 0.000000 0.388062
007200 0.000 0.604988 0.000000 0.395012
007300 0.000 0.607850 0.000000 0.392150
007400 0.000 0.606487 0.000000 0.393512
007500 0.000 0.609856 0.000000 0.390144
007600 0.000 0.606894 0.000000 0.393106
007700 0.000 0.608812 0.000000 0.391188
007800 0.000 0.604519 0.000000 0.395481
007900 0.000 0.602906 0.000000 0.397094
008000 0.000 0.605625 0.000000 0.394375
008100 0.000 0.607537 0.000000 0.392462
008200 0.000 0.593831 0.000000 0.406169
008300 0.000 0.595037 0.000000 0.404963
008400 0.000 0.587919 0.000000 0.412081
008500 0.000 0.593137 0.000000 0.406863
008600 0.000 0.591469 0.000000 0.408531
008700 0.000 0.579037 0.000000 0.420963
008800 0.000 0.576337 0.000000 0.423662
008900 0.000 0.582700 0.000000 0.417300
009000 0.000 0.581650 0.000000 0.418350
009100 0.000 0.598800 0.000000 0.401200
009200 0.000 0.607856 0.000000 0.392144
009300 0.000 0.605788 0.000000 0.394213
009400 0.000 0.611213 0.000000 0.388788
009500 0.000 0.612025 0.000000 0.387975
009600 0.000 0.622637 0.000000 0.377362
009700 0.000 0.627156 0.000000 0.372844
009800 0.000 0.631425 0.000000 0.368575
009900 0.000 0.638100 0.000000 0.361900
010000 0.000 0.640619 0.000000 0.359381
010100 0.000 0.633681 0.000000 0.366319
010200 0.000 0.632731 0.000000 0.367269
010300 0.000 0.628144 0.000000 0.371856
010400 0.000 0.629381 0.000000 0.370619
010500 0.000 0.634344 0.000000 0.365656
010600 0.000 0.616688 0.000000 0.383313
010700 0.000 0.616544 0.000000 0.383456
010800 0.000 0.619525 0.000000 0.380475
010900 0.000 0.620862 0.000000 0.379138
011000 0.000 0.612712 0.000000 0.387288
011100 0.000 0.603287 0.000000 0.396713
011200 0.000 0.596594 0.000000 0.403406
011300 0.000 0.596562 0.000000 0.403438
011400 0.000 0.589125 0.000000 0.410875
011500 0.000 0.600150 0.000000 0.399850
011600 0.000 0.598319 0.000000 0.401681
011700 0.000 0.594994 0.000000 0.405006
011800 0.000 0.595562 0.000000 0.404438
011900 0.000 0.594725 0.000000 0.405275
012000 0.000 0.596900 0.000000 0.403100
012100 0.000 0.601044 0.000000 0.398956
012200 0.000 0.601175 0.000000 0.398825
012300 0.000 0.605444 0.000000 0.394556
012400 0.000 0.611731 0.000000 0.388269
012500 0.000 0.614619 0.000000 0.385381
012600 0.000 0.622894 0.000000 0.377106
012700 0.000 0.613950 0.000000 0.386050
012800 0.000 0.612431 0.000000 0.387569
012900 0.000 0.609275 0.000000 0.390725
013000 0.000 0.612144 0.000000 0.387856
013100 0.000 0.614431 0.000000 0.385569
013200 0.000 0.613788 0.000000 0.386213
013300 0.000 0.618319 0.000000 0.381681
013400 0.000 0.610181 0.000000 0.389819
013500 0.000 0.621012 0.000000 0.378987
013600 0.000 0.621531 0.000000 0.378469
013700 0.000 0.625281 0.000000 0.374719
013800 0.000 0.614581 0.000000 0.385419
013900 0.000 0.620094 0.000000 0.379906
014000 0.000 0.623644 0.000000 0.376356
014100 0.000 0.623631 0.000000 0.376369
014200 0.000 0.625669 0.000000 0.374331
014300 0.000 0.627300 0.000000 0.372700
014400 0.000 0.631594 0.000000 0.368406
014500 0.000 0.632400 0.000000 0.367600
014600 0.000 0.625313 0.000000 0.374688
014700 0.000 0.625431 0.000000 0.374569
014800 0.000 0.618381 0.000000 0.381619
014900 0.000 0.621794 0.000000 0.378206
015000 0.000 0.616213 0.000000 0.383788
015100 0.000 0.623731 0.000000 0.376269
015200 0.000 0.626081 0.000000 0.373919
015300 0.000 0.626050 0.000000 0.373950
015400 0.000 0.637062 0.000000 0.362938
015500 0.000 0.630806 0.000000 0.369194
015600 0.000 0.631331 0.000000 0.368669
015700 0.000 0.633750 0.000000 0.366250
015800 0.000 0.634894 0.000000 0.365106
015900 0.000 0.642431 0.000000 0.357569
016000 0.000 0.640919 0.000000 0.359081
016100 0.000 0.628325 0.000000 0.371675
016200 0.000 0.621856 0.000000 0.378144
016300 0.000 0.622419 0.000000 0.377581
016400 0.000 0.627275 0.000000 0.372725
016500 0.000 0.626513 0.000000 0.373487
016600 0.000 0.638325 0.000000 0.361675
016700 0.000 0.631381 0.000000 0.368619
016800 0.000 0.630625 0.000000 0.369375
016900 0.000 0.637219 0.000000 0.362781
017000 0.000 0.630838 0.000000 0.369163
017100 0.000 0.628794 0.000000 0.371206
017200 0.000 0.634775 0.000000 0.365225
017300 0.000 0.640663 0.000000 0.359337
017400 0.000 0.642544 0.000000 0.357456
017500 0.000 0.630088 0.000000 0.369912
017600 0.000 0.635175 0.000000 0.364825
017700 0.000 0.638750 0.000000 0.361250
017800 0.000 0.635275 0.000000 0.364725
017900 0.000 0.646062 0.000000 0.353938
018000 0.000 0.638825 0.000000 0.361175
018100 0.000 0.647331 0.000000 0.352669
018200 0.000 0.651956 0.000000 0.348044
018300 0.000 0.664906 0.000000 0.335094
018400 0.000 0.666569 0.000000 0.333431
018500 0.000 0.660775 0.000000 0.339225
018600 0.000 0.655162 0.000000 0.344838
018700 0.000 0.648850 0.000000 0.351150
018800 0.000 0.654969 0.000000 0.345031
018900 0.000 0.657581 0.000000 0.342419
019000 0.000 0.662950 0.000000 0.337050
019100 0.000 0.672769 0.000000 0.327231
019200 0.000 0.665013 0.000000 0.334987
019300 0.000 0.664663 0.000000 0.335338
019400 0.000 0.670906 0.000000 0.329094
019500 0.000 0.676400 0.000000 0.323600
019600 0.000 0.667081 0.000000 0.332919
019700 0.000 0.670719 0.000000 0.329281
019800 0.000 0.677937 0.000000 0.322062
019900 0.000 0.672212 0.000000 0.327788
020000 0.000 0.670425 0.000000 0.329575
