000000 0.249 0.248237 0.251444 0.250875
000100 0.004 0.526988 0.000000 0.468788
000200 0.001 0.522775 0.000000 0.476206
000300 0.001 0.519319 0.000000 0.479575
000400 0.001 0.521938 0.000000 0.477044
000500 0.000 0.510912 0.000000 0.489088
000600 0.000 0.516650 0.000000 0.483350
000700 0.000 0.507394 0.000000 0.492606
000800 0.000 0.506431 0.000000 0.493569
000900 0.000 0.510631 0.000000 0.489369
001000 0.000 0.500294 0.000000 0.499706
001100 0.000 0.487750 0.000000 0.512250
001200 0.000 0.485100 0.000000 0.514900
001300 0.000 0.484325 0.000000 0.515675
001400 0.000 0.476400 0.000000 0.523600
001500 0.000 0.475581 0.000000 0.524419
001600 0.000 0.468244 0.000000 0.531756
001700 0.000 0.462600 0.000000 0.537400
001800 0.000 0.471006 0.000000 0.528994
001900 0.000 0.471694 0.000000 0.528306
002000 0.000 0.460437 0.000000 0.539562
002100 0.000 0.461356 0.000000 0.538644
002200 0.000 0.466819 0.000000 0.533181
002300 0.000 0.478812 0.000000 0.521188
002400 0.000 0.472488 0.000000 0.527513
002500 0.000 0.474256 0.000000 0.525744
002600 0.000 0.471069 0.000000 0.528931
002700 0.000 0.477744 0.000000 0.522256
002800 0.000 0.485662 0.000000 0.514338
002900 0.000 0.472438 0.000000 0.527563
003000 0.000 0.472988 0.000000 0.527012
003100 0.000 0.470106 0.000000 0.529894
003200 0.000 0.475794 0.000000 0.524206
003300 0.000 0.473981 0.000000 0.526019
003400 0.000 0.479650 0.000000 0.520350
003500 0.000 0.475644 0.000000 0.524356
003600 0.000 0.476025 0.000000 0.523975
003700 0.000 0.484388 0.000000 0.515613
003800 0.000 0.480094 0.000000 0.519906
003900 0.000 0.489438 0.000000 0.510563
004000 0.000 0.486025 0.000000 0.513975
004100 0.000 0.476994 0.000000 0.523006
004200 0.000 0.480988 0.000000 0.519012
004300 0.000 0.475356 0.000000 0.524644
004400 0.000 0.470375 0.000000 0.529625
004500 0.000 0.474756 0.000000 0.525244
004600 0.000 0.479463 0.000000 0.520537
004700 0.000 0.475963 0.000000 0.524038
004800 0.000 0.473431 0.000000 0.526569
004900 0.000 0.467463 0.000000 0.532537
005000 0.000 0.461375 0.000000 0.538625
005100 0.000 0.458081 0.000000 0.541919
005200 0.000 0.453863 0.000000 0.546138
005300 0.000 0.456169 0.000000 0.543831
005400 0.000 0.452419 0.000000 0.547581
005500 0.000 0.460062 0.000000 0.539937
005600 0.000 0.459625 0.000000 0.540375
005700 0.000 0.477338 0.000000 0.522663
005800 0.000 0.482906 0.000000 0.517094
005900 0.000 0.488750 0.000000 0.511250
006000 0.000 0.488588 0.000000 0.511413
006100 0.000 0.487350 0.000000 0.512650
006200 0.000 0.484744 0.000000 0.515256
006300 0.000 0.484463 0.000000 0.515537
006400 0.000 0.486706 0.000000 0.513294
006500 0.000 0.486825 0.000000 0.513175
006600 0.000 0.482956 0.000000 0.517044
006700 0.000 0.483463 0.000000 0.516537
006800 0.000 0.490250 0.000000 0.509750
006900 0.000 0.493200 0.000000 0.506800
007000 0.000 0.499088 0.000000 0.500912
007100 0.000 0.503225 0.000000 0.496775
007200 0.000 0.494625 0.000000 0.505375
007300 0.000 0.500713 0.000000 0.499287
007400 0.000 0.509456 0.000000 0.490544
007500 0.000 0.503681 0.000000 0.496319
007600 0.000 0.516431 0.000000 0.483569
007700 0.000 0.512919 0.000000 0.487081
007800 0.000 0.527325 0.000000 0.472675
007900 0.000 0.532369 0.000000 0.467631
008000 0.000 0.523775 0.000000 0.476225
008100 0.000 0.528756 0.000000 0.471244
008200 0.000 0.534200 0.000000 0.465800
008300 0.000 0.535713 0.000000 0.464288
008400 0.000 0.537438 0.000000 0.462562
008500 0.000 0.537563 0.000000 0.462438
008600 0.000 0.529294 0.000000 0.470706
008700 0.000 0.524131 0.000000 0.475869
008800 0.000 0.523969 0.000000 0.476031
008900 0.000 0.525312 0.000000 0.474687
009000 0.000 0.527244 0.000000 0.472756
009100 0.000 0.520381 0.000000 0.479619
009200 0.000 0.525169 0.000000 0.474831
009300 0.000 0.528181 0.000000 0.471819
009400 0.000 0.525225 0.000000 0.474775
009500 0.000 0.530887 0.000000 0.469112
009600 0.000 0.523231 0.000000 0.476769
009700 0.000 0.524944 0.000000 0.475056
009800 0.000 0.527244 0.000000 0.472756
009900 0.000 0.526100 0.000000 0.473900
010000 0.000 0.520675 0.000000 0.479325
010100 0.000 0.528763 0.000000 0.471237
010200 0.000 0.542175 0.000000 0.457825
010300 0.000 0.540850 0.000000 0.459150
010400 0.000 0.546319 0.000000 0.453681
010500 0.000 0.540400 0.000000 0.459600
010600 0.000 0.537856 0.000000 0.462144
010700 0.000 0.540112 0.000000 0.459888
010800 0.000 0.548625 0.000000 0.451375
010900 0.000 0.542750 0.000000 0.457250
011000 0.000 0.540644 0.000000 0.459356
011100 0.000 0.545969 0.000000 0.454031
011200 0.000 0.540212 0.000000 0.459788
011300 0.000 0.536225 0.000000 0.463775
011400 0.000 0.536756 0.000000 0.463244
011500 0.000 0.534931 0.000000 0.465069
011600 0.000 0.534681 0.000000 0.465319
011700 0.000 0.525194 0.000000 0.474806
011800 0.000 0.539656 0.000000 0.460344
011900 0.000 0.546488 0.000000 0.453512
012000 0.000 0.550663 0.000000 0.449338
012100 0.000 0.563725 0.000000 0.436275
012200 0.000 0.571369 0.000000 0.428631
012300 0.000 0.560000 0.000000 0.440000
012400 0.000 0.567625 0.000000 0.432375
012500 0.000 0.570319 0.000000 0.429681
012600 0.000 0.576812 0.000000 0.423187
012700 0.000 0.574619 0.000000 0.425381
012800 0.000 0.556013 0.000000 0.443987
012900 0.000 0.553281 0.000000 0.446719
013000 0.000 0.550294 0.000000 0.449706
013100 0.000 0.552137 0.000000 0.447862
013200 0.000 0.551181 0.000000 0.448819
013300 0.000 0.554225 0.000000 0.445775
013400 0.000 0.548606 0.000000 0.451394
013500 0.000 0.541119 0.000000 0.458881
013600 0.000 0.541169 0.000000 0.458831
013700 0.000 0.554675 0.000000 0.445325
013800 0.000 0.558981 0.000000 0.441019
013900 0.000 0.550319 0.000000 0.449681
014000 0.000 0.556669 0.000000 0.443331
014100 0.000 0.566137 0.000000 0.433862
014200 0.000 0.570500 0.000000 0.429500
014300 0.000 0.575187 0.000000 0.424812
014400 0.000 0.580662 0.000000 0.419337
014500 0.000 0.585031 0.000000 0.414969
014600 0.000 0.584287 0.000000 0.415712
014700 0.000 0.575544 0.000000 0.424456
014800 0.000 0.580075 0.000000 0.419925
014900 0.000 0.582912 0.000000 0.417087
015000 0.000 0.596519 0.000000 0.403481
015100 0.000 0.595719 0.000000 0.404281
015200 0.000 0.590337 0.000000 0.409662
015300 0.000 0.584550 0.000000 0.415450
015400 0.000 0.577462 0.000000 0.422538
015500 0.000 0.575237 0.000000 0.424762
015600 0.000 0.580725 0.000000 0.419275
015700 0.000 0.589013 0.000000 0.410988
015800 0.000 0.575469 0.000000 0.424531
015900 0.000 0.586975 0.000000 0.413025
016000 0.000 0.584875 0.000000 0.415125
016100 0.000 0.579762 0.000000 0.420237
016200 0.000 0.572344 0.000000 0.427656
016300 0.000 0.578538 0.000000 0.421463
016400 0.000 0.590131 0.000000 0.409869
016500 0.000 0.587006 0.000000 0.412994
016600 0.000 0.575700 0.000000 0.424300
016700 0.000 0.570550 0.000000 0.429450
016800 0.000 0.572250 0.000000 0.427750
016900 0.000 0.570338 0.000000 0.429663
017000 0.000 0.565844 0.000000 0.434156
017100 0.000 0.569231 0.000000 0.430769
017200 0.000 0.571694 0.000000 0.428306
017300 0.000 0.576531 0.000000 0.423469
017400 0.000 0.568006 0.000000 0.431994
017500 0.000 0.573025 0.000000 0.426975
017600 0.000 0.568744 0.000000 0.431256
017700 0.000 0.573844 0.000000 0.426156
017800 0.000 0.579862 0.000000 0.420137
017900 0.000 0.579400 0.000000 0.420600
018000 0.000 0.577800 0.000000 0.422200
018100 0.000 0.569481 0.000000 0.430519
018200 0.000 0.572263 0.000000 0.427737
018300 0.000 0.571963 0.000000 0.428038
018400 0.000 0.570456 0.000000 0.429544
018500 0.000 0.566206 0.000000 0.433794
018600 0.000 0.558581 0.000000 0.441419
018700 0.000 0.564837 0.000000 0.435163
018800 0.000 0.563669 0.000000 0.436331
018900 0.000 0.565550 0.000000 0.434450
019000 0.000 0.566681 0.000000 0.433319
019100 0.000 0.563025 0.000000 0.436975
019200 0.000 0.568312 0.000000 0.431688
019300 0.000 0.568431 0.000000 0.431569
019400 0.000 0.578056 0.000000 0.421944
019500 0.000 0.570925 0.000000 0.429075
019600 0.000 0.561963 0.000000 0.438038
019700 0.000 0.556369 0.000000 0.443631
019800 0.000 0.545525 0.000000 0.454475
019900 0.000 0.541956 0.000000 0.458044
020000 0.000 0.535150 0.000000 0.464850
