000000 0.250 0.248163 0.251262 0.250494
000100 0.861 0.072825 0.000000 0.065731
000200 0.750 0.137681 0.000000 0.112131
000300 0.739 0.151469 0.000000 0.109162
000400 0.721 0.154381 0.000000 0.124700
000500 0.745 0.148406 0.000000 0.106269
000600 0.747 0.140563 0.000000 0.112156
000700 0.736 0.145581 0.000000 0.117962
000800 0.753 0.143338 0.000000 0.103225
000900 0.753 0.136881 0.000000 0.109863
001000 0.763 0.130225 0.000000 0.106419
001100 0.732 0.150312 0.000000 0.118031
001200 0.734 0.146037 0.000000 0.119856
001300 0.771 0.125200 0.000000 0.104250
001400 0.749 0.134875 0.000000 0.116369
001500 0.748 0.145944 0.000000 0.106400
001600 0.760 0.135025 0.000000 0.105219
001700 0.760 0.131975 0.000000 0.108056
001800 0.741 0.145338 0.000000 0.113394
001900 0.774 0.128081 0.000000 0.097638
002000 0.769 0.127781 0.000000 0.103587
002100 0.750 0.142875 0.000000 0.107506
002200 0.725 0.153837 0.000000 0.120881
002300 0.758 0.135950 0.000000 0.105894
002400 0.755 0.141000 0.000000 0.103706
002500 0.780 0.124650 0.000000 0.095219
002600 0.748 0.144606 0.000000 0.107169
002700 0.729 0.153931 0.000000 0.117194
002800 0.745 0.142669 0.000000 0.112025
002900 0.746 0.146825 0.000000 0.107344
003000 0.723 0.156894 0.000000 0.120362
003100 0.741 0.145631 0.000000 0.113031
003200 0.757 0.138700 0.000000 0.104569
003300 0.747 0.151031 0.000000 0.101719
003400 0.760 0.137619 0.000000 0.102575
003500 0.753 0.140687 0.000000 0.106575
003600 0.753 0.141813 0.000000 0.105438
003700 0.758 0.140781 0.000000 0.101525
003800 0.740 0.140675 0.000000 0.118844
003900 0.759 0.134963 0.000000 0.106169
004000 0.737 0.151425 0.000000 0.111556
004100 0.743 0.146913 0.000000 0.110363
004200 0.767 0.133662 0.000000 0.099600
004300 0.773 0.129862 0.000000 0.097450
004400 0.746 0.142750 0.000000 0.110787
004500 0.735 0.155075 0.000000 0.110119
004600 0.758 0.141394 0.000000 0.100562
004700 0.743 0.144150 0.000000 0.112575
004800 0.750 0.140894 0.000000 0.108956
004900 0.771 0.128256 0.000000 0.100725
005000 0.765 0.132631 0.000000 0.102069
005100 0.768 0.134269 0.000000 0.097700
005200 0.746 0.148769 0.000000 0.104887
005300 0.744 0.148606 0.000000 0.107869
005400 0.739 0.146894 0.000000 0.114025
005500 0.737 0.157706 0.000000 0.105213
005600 0.740 0.143544 0.000000 0.116919
005700 0.745 0.148762 0.000000 0.106056
005800 0.755 0.143806 0.000000 0.100862
005900 0.752 0.140575 0.000000 0.107206
006000 0.744 0.143912 0.000000 0.112194
006100 0.777 0.125400 0.000000 0.097900
006200 0.748 0.143225 0.000000 0.108306
006300 0.747 0.144487 0.000000 0.108600
006400 0.757 0.138550 0.000000 0.103962
006500 0.740 0.146575 0.000000 0.113550
006600 0.747 0.144056 0.000000 0.109275
006700 0.764 0.133375 0.000000 0.103106
006800 0.745 0.145350 0.000000 0.110144
006900 0.738 0.150331 0.000000 0.111531
007000 0.736 0.148206 0.000000 0.115587
007100 0.747 0.144088 0.000000 0.109094
007200 0.738 0.151719 0.000000 0.110006
007300 0.764 0.130769 0.000000 0.105725
007400 0.746 0.144437 0.000000 0.109075
007500 0.747 0.141094 0.000000 0.112088
007600 0.774 0.127913 0.000000 0.098475
007700 0.764 0.134300 0.000000 0.101975
007800 0.746 0.140319 0.000000 0.113581
007900 0.761 0.134387 0.000000 0.104212
008000 0.746 0.140525 0.000000 0.113275
008100 0.730 0.154025 0.000000 0.115869
008200 0.732 0.152350 0.000000 0.115388
008300 0.744 0.142631 0.000000 0.113850
008400 0.750 0.138887 0.000000 0.110812
008500 0.732 0.148719 0.000000 0.119506
008600 0.761 0.128906 0.000000 0.110006
008700 0.755 0.141288 0.000000 0.103313
008800 0.749 0.143856 0.000000 0.107606
008900 0.735 0.152144 0.000000 0.113200
009000 0.721 0.154894 0.000000 0.123806
009100 0.782 0.125881 0.000000 0.092181
009200 0.745 0.139975 0.000000 0.115525
009300 0.752 0.140137 0.000000 0.107400
009400 0.753 0.140256 0.000000 0.106969
009500 0.757 0.135912 0.000000 0.106919
009600 0.764 0.132394 0.000000 0.103313
009700 0.761 0.134281 0.000000 0.104425
009800 0.733 0.152069 0.000000 0.115013
009900 0.746 0.146450 0.000000 0.107950
010000 0.724 0.157587 0.000000 0.117938
010100 0.744 0.144400 0.000000 0.111944
010200 0.743 0.149812 0.000000 0.107250
010300 0.749 0.141788 0.000000 0.109106
010400 0.752 0.142825 0.000000 0.104819
010500 0.753 0.140813 0.000000 0.105819
010600 0.748 0.139294 0.000000 0.113131
010700 0.761 0.134525 0.000000 0.104137
010800 0.772 0.124200 0.000000 0.104212
010900 0.745 0.148381 0.000000 0.106819
011000 0.745 0.148981 0.000000 0.105525
011100 0.741 0.144219 0.000000 0.114375
011200 0.774 0.128688 0.000000 0.097613
011300 0.758 0.135763 0.000000 0.106275
011400 0.770 0.126012 0.000000 0.103781
011500 0.776 0.127125 0.000000 0.096988
011600 0.760 0.139625 0.000000 0.099956
011700 0.749 0.137606 0.000000 0.113669
011800 0.737 0.153562 0.000000 0.109781
011900 0.715 0.166275 0.000000 0.119025
012000 0.758 0.137169 0.000000 0.104688
012100 0.752 0.140069 0.000000 0.108275
012200 0.759 0.134313 0.000000 0.106213
012300 0.781 0.123706 0.000000 0.095488
012400 0.756 0.144344 0.000000 0.099675
012500 0.723 0.159581 0.000000 0.116931
012600 0.746 0.142288 0.000000 0.111675
012700 0.744 0.147944 0.000000 0.108463
012800 0.740 0.148681 0.000000 0.111506
012900 0.748 0.138281 0.000000 0.114031
013000 0.735 0.148131 0.000000 0.117044
013100 0.743 0.147925 0.000000 0.109525
013200 0.748 0.143594 0.000000 0.108844
013300 0.729 0.147300 0.000000 0.123863
013400 0.752 0.136988 0.000000 0.110569
013500 0.745 0.145944 0.000000 0.109188
013600 0.755 0.139088 0.000000 0.106156
013700 0.726 0.154256 0.000000 0.119512
013800 0.758 0.137244 0.000000 0.104350
013900 0.736 0.155381 0.000000 0.108731
014000 0.751 0.143669 0.000000 0.105563
014100 0.759 0.140187 0.000000 0.100794
014200 0.742 0.144487 0.000000 0.113863
014300 0.748 0.146831 0.000000 0.104894
014400 0.773 0.127069 0.000000 0.099738
014500 0.732 0.150694 0.000000 0.117587
014600 0.732 0.156144 0.000000 0.112238
014700 0.738 0.148350 0.000000 0.113412
014800 0.755 0.139850 0.000000 0.105387
014900 0.744 0.138700 0.000000 0.116869
015000 0.739 0.145706 0.000000 0.114825
015100 0.761 0.135350 0.000000 0.103844
015200 0.751 0.143506 0.000000 0.105762
015300 0.758 0.138850 0.000000 0.102719
015400 0.764 0.133131 0.000000 0.103087
015500 0.769 0.128131 0.000000 0.103044
015600 0.768 0.126125 0.000000 0.106050
015700 0.729 0.153237 0.000000 0.117313
015800 0.732 0.146106 0.000000 0.121656
015900 0.736 0.148962 0.000000 0.114994
016000 0.760 0.137375 0.000000 0.102675
016100 0.723 0.158963 0.000000 0.118500
016200 0.759 0.138637 0.000000 0.101950
016300 0.742 0.151931 0.000000 0.106250
016400 0.726 0.159275 0.000000 0.115194
016500 0.746 0.143381 0.000000 0.110256
016600 0.743 0.146856 0.000000 0.110588
016700 0.749 0.146000 0.000000 0.104963
016800 0.744 0.147694 0.000000 0.108438
016900 0.720 0.157425 0.000000 0.122362
017000 0.739 0.148537 0.000000 0.112906
017100 0.743 0.142962 0.000000 0.114125
017200 0.743 0.144106 0.000000 0.112888
017300 0.744 0.145813 0.000000 0.110387
017400 0.738 0.151413 0.000000 0.110681
017500 0.754 0.140450 0.000000 0.105969
017600 0.765 0.137775 0.000000 0.096950
017700 0.758 0.135513 0.000000 0.106256
017800 0.756 0.141381 0.000000 0.102462
017900 0.739 0.146581 0.000000 0.114587
018000 0.734 0.145519 0.000000 0.120050
018100 0.767 0.136013 0.000000 0.097344
018200 0.748 0.144063 0.000000 0.107500
018300 0.773 0.128381 0.000000 0.098363
018400 0.756 0.139675 0.000000 0.103944
018500 0.756 0.144462 0.000000 0.100031
018600 0.734 0.149900 0.000000 0.115644
018700 0.747 0.148144 0.000000 0.104700
018800 0.759 0.135875 0.000000 0.104644
018900 0.741 0.142819 0.000000 0.116425
019000 0.767 0.130181 0.000000 0.103175
019100 0.745 0.146913 0.000000 0.108294
019200 0.758 0.134387 0.000000 0.108044
019300 0.732 0.151400 0.000000 0.116756
019400 0.749 0.145363 0.000000 0.105425
019500 0.752 0.137300 0.000000 0.110981
019600 0.730 0.150281 0.000000 0.119256
019700 0.752 0.144794 0.000000 0.103569
019800 0.736 0.152113 0.000000 0.112169
019900 0.757 0.137969 0.000000 0.105112
020000 0.737 0.148900 0.000000 0.113956
