000000 0.250 0.249713 0.250462 0.249500
000100 0.000 0.544700 0.000000 0.455294
000200 0.000 0.537494 0.000000 0.462506
000300 0.000 0.539294 0.000000 0.460706
000400 0.000 0.546825 0.000000 0.453175
000500 0.000 0.551863 0.000000 0.448138
000600 0.000 0.541531 0.000000 0.458469
000700 0.000 0.526794 0.000000 0.473206
000800 0.000 0.518669 0.000000 0.481331
000900 0.000 0.520350 0.000000 0.479650
001000 0.000 0.519887 0.000000 0.480112
001100 0.000 0.521681 0.000000 0.478319
001200 0.000 0.522569 0.000000 0.477431
001300 0.000 0.530162 0.000000 0.469838
001400 0.000 0.539800 0.000000 0.460200
001500 0.000 0.543900 0.000000 0.456100
001600 0.000 0.538987 0.000000 0.461012
001700 0.000 0.532256 0.000000 0.467744
001800 0.000 0.533531 0.000000 0.466469
001900 0.000 0.532375 0.000000 0.467625
002000 0.000 0.525794 0.000000 0.474206
002100 0.000 0.518494 0.000000 0.481506
002200 0.000 0.525481 0.000000 0.474519
002300 0.000 0.521600 0.000000 0.478400
002400 0.000 0.523875 0.000000 0.476125
002500 0.000 0.518288 0.000000 0.481712
002600 0.000 0.503100 0.000000 0.496900
002700 0.000 0.499800 0.000000 0.500200
002800 0.000 0.494125 0.000000 0.505875
002900 0.000 0.487156 0.000000 0.512844
003000 0.000 0.492963 0.000000 0.507038
003100 0.000 0.489038 0.000000 0.510962
003200 0.000 0.494825 0.000000 0.505175
003300 0.000 0.491969 0.000000 0.508031
003400 0.000 0.495387 0.000000 0.504613
003500 0.000 0.492969 0.000000 0.507031
003600 0.000 0.486081 0.000000 0.513919
003700 0.000 0.486219 0.000000 0.513781
003800 0.000 0.488769 0.000000 0.511231
003900 0.000 0.481644 0.000000 0.518356
004000 0.000 0.487700 0.000000 0.512300
004100 0.000 0.487894 0.000000 0.512106
004200 0.000 0.483650 0.000000 0.516350
004300 0.000 0.480556 0.000000 0.519444
004400 0.000 0.484463 0.000000 0.515537
004500 0.000 0.482662 0.000000 0.517338
004600 0.000 0.478687 0.000000 0.521312
004700 0.000 0.482281 0.000000 0.517719
004800 0.000 0.480481 0.000000 0.519519
004900 0.000 0.486881 0.000000 0.513119
005000 0.000 0.492125 0.000000 0.507875
005100 0.000 0.492394 0.000000 0.507606
005200 0.000 0.509281 0.000000 0.490719
005300 0.000 0.521125 0.000000 0.478875
005400 0.000 0.523244 0.000000 0.476756
005500 0.000 0.526906 0.000000 0.473094
005600 0.000 0.542494 0.000000 0.457506
005700 0.000 0.533344 0.000000 0.466656
005800 0.000 0.532325 0.000000 0.467675
005900 0.000 0.531550 0.000000 0.468450
006000 0.000 0.526138 0.000000 0.473863
006100 0.000 0.530362 0.000000 0.469637
006200 0.000 0.529462 0.000000 0.470537
006300 0.000 0.536112 0.000000 0.463888
006400 0.000 0.517587 0.000000 0.482413
006500 0.000 0.515487 0.000000 0.484513
006600 0.000 0.518344 0.000000 0.481656
006700 0.000 0.527369 0.000000 0.472631
006800 0.000 0.525756 0.000000 0.474244
006900 0.000 0.535613 0.000000 0.464388
007000 0.000 0.530038 0.000000 0.469963
007100 0.000 0.528231 0.000000 0.471769
007200 0.000 0.523906 0.000000 0.476094
007300 0.000 0.515381 0.000000 0.484619
007400 0.000 0.517219 0.000000 0.482781
007500 0.000 0.516775 0.000000 0.483225
007600 0.000 0.509369 0.000000 0.490631
007700 0.000 0.514169 0.000000 0.485831
007800 0.000 0.513844 0.000000 0.486156
007900 0.000 0.509100 0.000000 0.490900
008000 0.000 0.515825 0.000000 0.484175
008100 0.000 0.516606 0.000000 0.483394
008200 0.000 0.503544 0.000000 0.496456
008300 0.000 0.497663 0.000000 0.502337
008400 0.000 0.503475 0.000000 0.496525
008500 0.000 0.504750 0.000000 0.495250
008600 0.000 0.495812 0.000000 0.504188
008700 0.000 0.492344 0.000000 0.507656
008800 0.000 0.493812 0.000000 0.506188
008900 0.000 0.494406 0.000000 0.505594
009000 0.000 0.489088 0.000000 0.510912
009100 0.000 0.476356 0.000000 0.523644
009200 0.000 0.474819 0.000000 0.525181
009300 0.000 0.482544 0.000000 0.517456
009400 0.000 0.489581 0.000000 0.510419
009500 0.000 0.488706 0.000000 0.511294
009600 0.000 0.492781 0.000000 0.507219
009700 0.000 0.493281 0.000000 0.506719
009800 0.000 0.490856 0.000000 0.509144
009900 0.000 0.483244 0.000000 0.516756
010000 0.000 0.479744 0.000000 0.520256
010100 0.000 0.479187 0.000000 0.520813
010200 0.000 0.468569 0.000000 0.531431
010300 0.000 0.473488 0.000000 0.526513
010400 0.000 0.481600 0.000000 0.518400
010500 0.000 0.478875 0.000000 0.521125
010600 0.000 0.470456 0.000000 0.529544
010700 0.000 0.476006 0.000000 0.523994
010800 0.000 0.482350 0.000000 0.517650
010900 0.000 0.485038 0.000000 0.514962
011000 0.000 0.480175 0.000000 0.519825
011100 0.000 0.487256 0.000000 0.512744
011200 0.000 0.501869 0.000000 0.498131
011300 0.000 0.501238 0.000000 0.498762
011400 0.000 0.500938 0.000000 0.499063
011500 0.000 0.503244 0.000000 0.496756
011600 0.000 0.508919 0.000000 0.491081
011700 0.000 0.519675 0.000000 0.480325
011800 0.000 0.526356 0.000000 0.473644
011900 0.000 0.519244 0.000000 0.480756
012000 0.000 0.504225 0.000000 0.495775
012100 0.000 0.522744 0.000000 0.477256
012200 0.000 0.516119 0.000000 0.483881
012300 0.000 0.514112 0.000000 0.485888
012400 0.000 0.512431 0.000000 0.487569
012500 0.000 0.509437 0.000000 0.490563
012600 0.000 0.521388 0.000000 0.478612
012700 0.000 0.520119 0.000000 0.479881
012800 0.000 0.526294 0.000000 0.473706
012900 0.000 0.525369 0.000000 0.474631
013000 0.000 0.536425 0.000000 0.463575
013100 0.000 0.533225 0.000000 0.466775
013200 0.000 0.529025 0.000000 0.470975
013300 0.000 0.522594 0.000000 0.477406
013400 0.000 0.523850 0.000000 0.476150
013500 0.000 0.527800 0.000000 0.472200
013600 0.000 0.528931 0.000000 0.471069
013700 0.000 0.520831 0.000000 0.479169
013800 0.000 0.514825 0.000000 0.485175
013900 0.000 0.516744 0.000000 0.483256
014000 0.000 0.513256 0.000000 0.486744
014100 0.000 0.510200 0.000000 0.489800
014200 0.000 0.511144 0.000000 0.488856
014300 0.000 0.504287 0.000000 0.495713
014400 0.000 0.505106 0.000000 0.494894
014500 0.000 0.505956 0.000000 0.494044
014600 0.000 0.509025 0.000000 0.490975
014700 0.000 0.516481 0.000000 0.483519
014800 0.000 0.529681 0.000000 0.470319
014900 0.000 0.526456 0.000000 0.473544
015000 0.000 0.527212 0.000000 0.472788
015100 0.000 0.531150 0.000000 0.468850
015200 0.000 0.529994 0.000000 0.470006
015300 0.000 0.525125 0.000000 0.474875
015400 0.000 0.520681 0.000000 0.479319
015500 0.000 0.505200 0.000000 0.494800
015600 0.000 0.506138 0.000000 0.493862
015700 0.000 0.508962 0.000000 0.491038
015800 0.000 0.508831 0.000000 0.491169
015900 0.000 0.516106 0.000000 0.483894
016000 0.000 0.518487 0.000000 0.481513
016100 0.000 0.522756 0.000000 0.477244
016200 0.000 0.525744 0.000000 0.474256
016300 0.000 0.526906 0.000000 0.473094
016400 0.000 0.536256 0.000000 0.463744
016500 0.000 0.534644 0.000000 0.465356
016600 0.000 0.542050 0.000000 0.457950
016700 0.000 0.541569 0.000000 0.458431
016800 0.000 0.552206 0.000000 0.447794
016900 0.000 0.551781 0.000000 0.448219
017000 0.000 0.545431 0.000000 0.454569
017100 0.000 0.552288 0.000000 0.447713
017200 0.000 0.535100 0.000000 0.464900
017300 0.000 0.523331 0.000000 0.476669
017400 0.000 0.524444 0.000000 0.475556
017500 0.000 0.531969 0.000000 0.468031
017600 0.000 0.531750 0.000000 0.468250
017700 0.000 0.524000 0.000000 0.476000
017800 0.000 0.516212 0.000000 0.483787
017900 0.000 0.518175 0.000000 0.481825
018000 0.000 0.525969 0.000000 0.474031
018100 0.000 0.522375 0.000000 0.477625
018200 0.000 0.524825 0.000000 0.475175
018300 0.000 0.525650 0.000000 0.474350
018400 0.000 0.531125 0.000000 0.468875
018500 0.000 0.536050 0.000000 0.463950
018600 0.000 0.541044 0.000000 0.458956
018700 0.000 0.540019 0.000000 0.459981
018800 0.000 0.545288 0.000000 0.454713
018900 0.000 0.545606 0.000000 0.454394
019000 0.000 0.551100 0.000000 0.448900
019100 0.000 0.553125 0.000000 0.446875
019200 0.000 0.543362 0.000000 0.456637
019300 0.000 0.540050 0.000000 0.459950
019400 0.000 0.540063 0.000000 0.459937
019500 0.000 0.536806 0.000000 0.463194
019600 0.000 0.538613 0.000000 0.461388
019700 0.000 0.539013 0.000000 0.460987
019800 0.000 0.533362 0.000000 0.466637
019900 0.000 0.527875 0.000000 0.472125
020000 0.000 0.517350 0.000000 0.482650
