000000 0.250 0.249362 0.251437 0.248812
000100 0.578 0.265319 0.000000 0.157150
000200 0.600 0.250431 0.000000 0.149681
000300 0.591 0.260656 0.000000 0.148163
000400 0.619 0.241344 0.000000 0.139788
000500 0.613 0.247044 0.000000 0.140356
000600 0.618 0.234863 0.000000 0.146838
000700 0.613 0.241494 0.000000 0.145162
000800 0.605 0.251394 0.000000 0.144019
000900 0.624 0.234244 0.000000 0.141350
001000 0.616 0.237019 0.000000 0.146975
001100 0.608 0.257744 0.000000 0.134481
001200 0.614 0.241987 0.000000 0.143881
001300 0.626 0.241012 0.000000 0.132575
001400 0.608 0.250694 0.000000 0.141525
001500 0.626 0.237994 0.000000 0.136450
001600 0.615 0.237925 0.000000 0.146888
001700 0.610 0.250287 0.000000 0.139637
001800 0.614 0.244106 0.000000 0.142244
001900 0.637 0.229256 0.000000 0.133400
002000 0.625 0.231813 0.000000 0.143175
002100 0.605 0.255519 0.000000 0.139350
002200 0.622 0.244750 0.000000 0.133269
002300 0.604 0.251944 0.000000 0.143881
002400 0.617 0.243775 0.000000 0.138850
002500 0.628 0.229781 0.000000 0.141819
002600 0.600 0.253419 0.000000 0.146869
002700 0.608 0.246619 0.000000 0.144912
002800 0.637 0.223750 0.000000 0.139588
002900 0.616 0.242562 0.000000 0.141225
003000 0.607 0.248587 0.000000 0.144581
003100 0.638 0.225213 0.000000 0.136794
003200 0.611 0.245619 0.000000 0.143806
003300 0.610 0.243006 0.000000 0.146925
003400 0.622 0.239319 0.000000 0.138313
003500 0.617 0.239725 0.000000 0.143338
003600 0.623 0.238875 0.000000 0.138194
003700 0.614 0.245025 0.000000 0.140756
003800 0.622 0.235444 0.000000 0.142262
003900 0.606 0.245831 0.000000 0.148044
004000 0.604 0.247000 0.000000 0.149169
004100 0.629 0.234500 0.000000 0.136431
004200 0.620 0.231675 0.000000 0.148588
004300 0.606 0.250812 0.000000 0.143456
004400 0.610 0.250056 0.000000 0.140419
004500 0.615 0.250812 0.000000 0.134644
004600 0.601 0.254519 0.000000 0.144119
004700 0.603 0.253744 0.000000 0.143731
004800 0.623 0.240719 0.000000 0.136288
004900 0.579 0.262962 0.000000 0.158256
005000 0.606 0.249444 0.000000 0.144219
005100 0.630 0.232362 0.000000 0.138038
005200 0.620 0.242787 0.000000 0.137212
005300 0.598 0.247294 0.000000 0.155094
005400 0.635 0.233263 0.000000 0.132188
005500 0.578 0.263688 0.000000 0.158463
005600 0.610 0.246500 0.000000 0.143469
005700 0.593 0.258631 0.000000 0.148481
005800 0.605 0.247613 0.000000 0.147519
005900 0.605 0.252631 0.000000 0.142512
006000 0.627 0.231038 0.000000 0.142038
006100 0.599 0.248037 0.000000 0.153031
006200 0.619 0.247394 0.000000 0.133575
006300 0.614 0.240212 0.000000 0.145437
006400 0.609 0.243562 0.000000 0.147819
006500 0.621 0.233850 0.000000 0.145212
006600 0.609 0.253906 0.000000 0.137044
006700 0.622 0.239369 0.000000 0.138450
006800 0.595 0.252337 0.000000 0.152713
006900 0.617 0.238475 0.000000 0.145025
007000 0.618 0.245837 0.000000 0.136187
007100 0.607 0.248837 0.000000 0.144237
007200 0.600 0.252531 0.000000 0.147063
007300 0.603 0.250769 0.000000 0.146169
007400 0.621 0.237363 0.000000 0.141538
007500 0.602 0.249950 0.000000 0.147863
007600 0.615 0.242375 0.000000 0.143006
007700 0.605 0.250538 0.000000 0.144575
007800 0.626 0.229988 0.000000 0.144038
007900 0.585 0.261044 0.000000 0.154225
008000 0.632 0.234387 0.000000 0.133644
008100 0.617 0.238525 0.000000 0.144575
008200 0.605 0.249231 0.000000 0.145356
008300 0.611 0.244906 0.000000 0.144500
008400 0.629 0.237500 0.000000 0.133800
008500 0.599 0.258688 0.000000 0.142100
008600 0.613 0.240244 0.000000 0.147125
008700 0.603 0.252312 0.000000 0.144631
008800 0.604 0.257263 0.000000 0.138263
008900 0.607 0.242088 0.000000 0.151225
009000 0.622 0.234456 0.000000 0.143300
009100 0.610 0.247925 0.000000 0.142044
009200 0.620 0.239331 0.000000 0.140687
009300 0.627 0.241881 0.000000 0.131069
009400 0.597 0.254869 0.000000 0.147825
009500 0.608 0.249744 0.000000 0.142044
009600 0.616 0.242950 0.000000 0.140619
009700 0.609 0.234925 0.000000 0.156006
009800 0.611 0.246081 0.000000 0.143119
009900 0.604 0.244737 0.000000 0.151438
010000 0.611 0.247656 0.000000 0.141706
010100 0.613 0.242244 0.000000 0.144875
010200 0.600 0.245375 0.000000 0.154456
010300 0.606 0.249438 0.000000 0.144425
010400 0.612 0.242012 0.000000 0.145981
010500 0.601 0.247512 0.000000 0.151388
010600 0.634 0.235681 0.000000 0.130438
010700 0.615 0.245806 0.000000 0.138750
010800 0.618 0.238256 0.000000 0.143838
010900 0.619 0.240381 0.000000 0.140994
011000 0.602 0.249175 0.000000 0.148994
011100 0.615 0.247312 0.000000 0.137350
011200 0.608 0.246094 0.000000 0.146088
011300 0.615 0.246925 0.000000 0.138344
011400 0.610 0.246325 0.000000 0.143388
011500 0.640 0.233387 0.000000 0.126438
011600 0.597 0.255375 0.000000 0.147544
011700 0.617 0.249463 0.000000 0.133550
011800 0.631 0.231712 0.000000 0.137394
011900 0.625 0.233212 0.000000 0.141838
012000 0.592 0.258456 0.000000 0.149113
012100 0.619 0.252100 0.000000 0.129069
012200 0.613 0.244000 0.000000 0.142594
012300 0.610 0.246206 0.000000 0.143594
012400 0.643 0.223269 0.000000 0.133513
012500 0.600 0.245012 0.000000 0.154781
012600 0.613 0.246925 0.000000 0.140319
012700 0.606 0.252900 0.000000 0.140906
012800 0.596 0.250962 0.000000 0.152669
012900 0.612 0.242781 0.000000 0.145338
013000 0.618 0.240006 0.000000 0.141875
013100 0.594 0.263075 0.000000 0.143012
013200 0.592 0.259725 0.000000 0.148394
013300 0.598 0.258975 0.000000 0.142531
013400 0.607 0.250412 0.000000 0.142881
013500 0.626 0.241919 0.000000 0.132356
013600 0.616 0.237644 0.000000 0.146000
013700 0.617 0.240225 0.000000 0.142831
013800 0.606 0.245569 0.000000 0.148425
013900 0.618 0.238669 0.000000 0.143300
014000 0.606 0.251431 0.000000 0.142162
014100 0.611 0.246163 0.000000 0.143250
014200 0.608 0.241931 0.000000 0.149744
014300 0.597 0.261425 0.000000 0.141844
014400 0.607 0.256113 0.000000 0.136550
014500 0.612 0.240044 0.000000 0.147875
014600 0.623 0.235819 0.000000 0.141100
014700 0.624 0.240569 0.000000 0.135387
014800 0.618 0.243113 0.000000 0.139338
014900 0.577 0.267794 0.000000 0.154913
015000 0.630 0.236288 0.000000 0.133313
015100 0.584 0.260813 0.000000 0.155463
015200 0.606 0.257288 0.000000 0.136675
015300 0.613 0.243331 0.000000 0.143194
015400 0.612 0.245987 0.000000 0.142500
015500 0.597 0.252337 0.000000 0.150569
015600 0.625 0.236462 0.000000 0.138344
015700 0.628 0.237925 0.000000 0.134294
015800 0.593 0.266313 0.000000 0.141175
015900 0.624 0.238956 0.000000 0.137219
016000 0.624 0.235887 0.000000 0.140313
016100 0.609 0.251481 0.000000 0.139981
016200 0.630 0.239256 0.000000 0.131106
016300 0.579 0.269531 0.000000 0.151494
016400 0.616 0.246587 0.000000 0.137112
016500 0.598 0.255663 0.000000 0.146012
016600 0.586 0.260400 0.000000 0.153719
016700 0.634 0.234487 0.000000 0.131556
016800 0.628 0.232513 0.000000 0.139325
016900 0.626 0.233137 0.000000 0.140662
017000 0.621 0.237100 0.000000 0.142100
017100 0.623 0.235481 0.000000 0.141531
017200 0.626 0.233863 0.000000 0.140619
017300 0.598 0.254175 0.000000 0.147631
017400 0.624 0.235275 0.000000 0.140644
017500 0.621 0.242081 0.000000 0.137256
017600 0.598 0.247556 0.000000 0.154037
017700 0.623 0.233125 0.000000 0.143450
017800 0.617 0.241294 0.000000 0.141406
017900 0.626 0.233900 0.000000 0.140412
018000 0.625 0.236288 0.000000 0.138744
018100 0.609 0.251412 0.000000 0.139850
018200 0.642 0.227256 0.000000 0.131013
018300 0.632 0.225869 0.000000 0.142144
018400 0.601 0.249525 0.000000 0.149031
018500 0.610 0.247163 0.000000 0.143231
018600 0.614 0.239200 0.000000 0.146919
018700 0.612 0.254581 0.000000 0.133619
018800 0.626 0.237944 0.000000 0.135912
018900 0.602 0.251925 0.000000 0.146388
019000 0.610 0.247406 0.000000 0.142631
019100 0.595 0.263238 0.000000 0.141331
019200 0.602 0.254744 0.000000 0.142788
019300 0.611 0.249319 0.000000 0.140031
019400 0.585 0.264231 0.000000 0.150381
019500 0.620 0.243875 0.000000 0.136319
019600 0.604 0.253044 0.000000 0.142825
019700 0.617 0.243569 0.000000 0.139162
019800 0.597 0.255937 0.000000 0.147381
019900 0.624 0.235094 0.000000 0.140544
020000 0.606 0.247087 0.000000 0.147144
