000000 0.251 0.249963 0.250581 0.248913
000100 0.000 0.551481 0.000000 0.448419
000200 0.000 0.539444 0.000000 0.460556
000300 0.000 0.543894 0.000000 0.456106
000400 0.000 0.542200 0.000000 0.457800
000500 0.000 0.545438 0.000000 0.454562
000600 0.000 0.539288 0.000000 0.460713
000700 0.000 0.546094 0.000000 0.453906
000800 0.000 0.554037 0.000000 0.445962
000900 0.000 0.547525 0.000000 0.452475
001000 0.000 0.540837 0.000000 0.459162
001100 0.000 0.546188 0.000000 0.453813
001200 0.000 0.565681 0.000000 0.434319
001300 0.000 0.556887 0.000000 0.443113
001400 0.000 0.552500 0.000000 0.447500
001500 0.000 0.552713 0.000000 0.447288
001600 0.000 0.555950 0.000000 0.444050
001700 0.000 0.564219 0.000000 0.435781
001800 0.000 0.562456 0.000000 0.437544
001900 0.000 0.563787 0.000000 0.436213
002000 0.000 0.567056 0.000000 0.432944
002100 0.000 0.565300 0.000000 0.434700
002200 0.000 0.565681 0.000000 0.434319
002300 0.000 0.563813 0.000000 0.436188
002400 0.000 0.551606 0.000000 0.448394
002500 0.000 0.550994 0.000000 0.449006
002600 0.000 0.562887 0.000000 0.437113
002700 0.000 0.558037 0.000000 0.441962
002800 0.000 0.554525 0.000000 0.445475
002900 0.000 0.537913 0.000000 0.462087
003000 0.000 0.528194 0.000000 0.471806
003100 0.000 0.522631 0.000000 0.477369
003200 0.000 0.514625 0.000000 0.485375
003300 0.000 0.510731 0.000000 0.489269
003400 0.000 0.518400 0.000000 0.481600
003500 0.000 0.531400 0.000000 0.468600
003600 0.000 0.533131 0.000000 0.466869
003700 0.000 0.535725 0.000000 0.464275
003800 0.000 0.550113 0.000000 0.449887
003900 0.000 0.556425 0.000000 0.443575
004000 0.000 0.557344 0.000000 0.442656
004100 0.000 0.547900 0.000000 0.452100
004200 0.000 0.547350 0.000000 0.452650
004300 0.000 0.530881 0.000000 0.469119
004400 0.000 0.530300 0.000000 0.469700
004500 0.000 0.521687 0.000000 0.478312
004600 0.000 0.526119 0.000000 0.473881
004700 0.000 0.513363 0.000000 0.486638
004800 0.000 0.521931 0.000000 0.478069
004900 0.000 0.524744 0.000000 0.475256
005000 0.000 0.523262 0.000000 0.476737
005100 0.000 0.519550 0.000000 0.480450
005200 0.000 0.521856 0.000000 0.478144
005300 0.000 0.524881 0.000000 0.475119
005400 0.000 0.517012 0.000000 0.482988
005500 0.000 0.517563 0.000000 0.482438
005600 0.000 0.525531 0.000000 0.474469
005700 0.000 0.527625 0.000000 0.472375
005800 0.000 0.529069 0.000000 0.470931
005900 0.000 0.526694 0.000000 0.473306
006000 0.000 0.520938 0.000000 0.479063
006100 0.000 0.518938 0.000000 0.481063
006200 0.000 0.521388 0.000000 0.478612
006300 0.000 0.513487 0.000000 0.486513
006400 0.000 0.522094 0.000000 0.477906
006500 0.000 0.528056 0.000000 0.471944
006600 0.000 0.528550 0.000000 0.471450
006700 0.000 0.526575 0.000000 0.473425
006800 0.000 0.527400 0.000000 0.472600
006900 0.000 0.530587 0.000000 0.469413
007000 0.000 0.538869 0.000000 0.461131
007100 0.000 0.551256 0.000000 0.448744
007200 0.000 0.545331 0.000000 0.454669
007300 0.000 0.537369 0.000000 0.462631
007400 0.000 0.534275 0.000000 0.465725
007500 0.000 0.525944 0.000000 0.474056
007600 0.000 0.526056 0.000000 0.473944
007700 0.000 0.520475 0.000000 0.479525
007800 0.000 0.519900 0.000000 0.480100
007900 0.000 0.520394 0.000000 0.479606
008000 0.000 0.526331 0.000000 0.473669
008100 0.000 0.526088 0.000000 0.473913
008200 0.000 0.529344 0.000000 0.470656
008300 0.000 0.532825 0.000000 0.467175
008400 0.000 0.536006 0.000000 0.463994
008500 0.000 0.532681 0.000000 0.467319
008600 0.000 0.534038 0.000000 0.465963
008700 0.000 0.524631 0.000000 0.475369
008800 0.000 0.523600 0.000000 0.476400
008900 0.000 0.518044 0.000000 0.481956
009000 0.000 0.517637 0.000000 0.482363
009100 0.000 0.510262 0.000000 0.489737
009200 0.000 0.508069 0.000000 0.491931
009300 0.000 0.494488 0.000000 0.505513
009400 0.000 0.482794 0.000000 0.517206
009500 0.000 0.477612 0.000000 0.522388
009600 0.000 0.487419 0.000000 0.512581
009700 0.000 0.484381 0.000000 0.515619
009800 0.000 0.487387 0.000000 0.512613
009900 0.000 0.489975 0.000000 0.510025
010000 0.000 0.497019 0.000000 0.502981
010100 0.000 0.498231 0.000000 0.501769
010200 0.000 0.498019 0.000000 0.501981
010300 0.000 0.497894 0.000000 0.502106
010400 0.000 0.491175 0.000000 0.508825
010500 0.000 0.489550 0.000000 0.510450
010600 0.000 0.504787 0.000000 0.495212
010700 0.000 0.506956 0.000000 0.493044
010800 0.000 0.503088 0.000000 0.496912
010900 0.000 0.500275 0.000000 0.499725
011000 0.000 0.499862 0.000000 0.500138
011100 0.000 0.485506 0.000000 0.514494
011200 0.000 0.495475 0.000000 0.504525
011300 0.000 0.503469 0.000000 0.496531
011400 0.000 0.506162 0.000000 0.493837
011500 0.000 0.504250 0.000000 0.495750
011600 0.000 0.499781 0.000000 0.500219
011700 0.000 0.499994 0.000000 0.500006
011800 0.000 0.501356 0.000000 0.498644
011900 0.000 0.500663 0.000000 0.499337
012000 0.000 0.519306 0.000000 0.480694
012100 0.000 0.529819 0.000000 0.470181
012200 0.000 0.534887 0.000000 0.465112
012300 0.000 0.548119 0.000000 0.451881
012400 0.000 0.547069 0.000000 0.452931
012500 0.000 0.542769 0.000000 0.457231
012600 0.000 0.540744 0.000000 0.459256
012700 0.000 0.541375 0.000000 0.458625
012800 0.000 0.540681 0.000000 0.459319
012900 0.000 0.562294 0.000000 0.437706
013000 0.000 0.553525 0.000000 0.446475
013100 0.000 0.564094 0.000000 0.435906
013200 0.000 0.562738 0.000000 0.437262
013300 0.000 0.570237 0.000000 0.429762
013400 0.000 0.575844 0.000000 0.424156
013500 0.000 0.576287 0.000000 0.423712
013600 0.000 0.571887 0.000000 0.428113
013700 0.000 0.573956 0.000000 0.426044
013800 0.000 0.574281 0.000000 0.425719
013900 0.000 0.562956 0.000000 0.437044
014000 0.000 0.576150 0.000000 0.423850
014100 0.000 0.571975 0.000000 0.428025
014200 0.000 0.567869 0.000000 0.432131
014300 0.000 0.576688 0.000000 0.423312
014400 0.000 0.588562 0.000000 0.411438
014500 0.000 0.592938 0.000000 0.407062
014600 0.000 0.590075 0.000000 0.409925
014700 0.000 0.600700 0.000000 0.399300
014800 0.000 0.600981 0.000000 0.399019
014900 0.000 0.604631 0.000000 0.395369
015000 0.000 0.612213 0.000000 0.387788
015100 0.000 0.614106 0.000000 0.385894
015200 0.000 0.614675 0.000000 0.385325
015300 0.000 0.610344 0.000000 0.389656
015400 0.000 0.607706 0.000000 0.392294
015500 0.000 0.608175 0.000000 0.391825
015600 0.000 0.617506 0.000000 0.382494
015700 0.000 0.622613 0.000000 0.377387
015800 0.000 0.613475 0.000000 0.386525
015900 0.000 0.609337 0.000000 0.390663
016000 0.000 0.612950 0.000000 0.387050
016100 0.000 0.623900 0.000000 0.376100
016200 0.000 0.615650 0.000000 0.384350
016300 0.000 0.613575 0.000000 0.386425
016400 0.000 0.620725 0.000000 0.379275
016500 0.000 0.625700 0.000000 0.374300
016600 0.000 0.625838 0.000000 0.374163
016700 0.000 0.616969 0.000000 0.383031
016800 0.000 0.611769 0.000000 0.388231
016900 0.000 0.618325 0.000000 0.381675
017000 0.000 0.618637 0.000000 0.381362
017100 0.000 0.599537 0.000000 0.400462
017200 0.000 0.601413 0.000000 0.398587
017300 0.000 0.602444 0.000000 0.397556
017400 0.000 0.604688 0.000000 0.395313
017500 0.000 0.611119 0.000000 0.388881
017600 0.000 0.617088 0.000000 0.382912
017700 0.000 0.617950 0.000000 0.382050
017800 0.000 0.617425 0.000000 0.382575
017900 0.000 0.618750 0.000000 0.381250
018000 0.000 0.626075 0.000000 0.373925
018100 0.000 0.621569 0.000000 0.378431
018200 0.000 0.611825 0.000000 0.388175
018300 0.000 0.609581 0.000000 0.390419
018400 0.000 0.612494 0.000000 0.387506
018500 0.000 0.614381 0.000000 0.385619
018600 0.000 0.608563 0.000000 0.391437
018700 0.000 0.607975 0.000000 0.392025
018800 0.000 0.613025 0.000000 0.386975
018900 0.000 0.605456 0.000000 0.394544
019000 0.000 0.604269 0.000000 0.395731
019100 0.000 0.599669 0.000000 0.400331
019200 0.000 0.604800 0.000000 0.395200
019300 0.000 0.600638 0.000000 0.399363
019400 0.000 0.596094 0.000000 0.403906
019500 0.000 0.595456 0.000000 0.404544
019600 0.000 0.605325 0.000000 0.394675
019700 0.000 0.614950 0.000000 0.385050
019800 0.000 0.617394 0.000000 0.382606
019900 0.000 0.617650 0.000000 0.382350
020000 0.000 0.613306 0.000000 0.386694
