000000 0.251 0.250194 0.249287 0.249638
000100 0.001 0.543256 0.000000 0.456050
000200 0.000 0.550813 0.000000 0.448775
000300 0.000 0.557106 0.000000 0.442894
000400 0.000 0.553825 0.000000 0.446175
000500 0.000 0.552581 0.000000 0.447419
000600 0.000 0.546950 0.000000 0.453050
000700 0.000 0.538894 0.000000 0.461106
000800 0.000 0.544569 0.000000 0.455431
000900 0.000 0.540913 0.000000 0.459087
001000 0.000 0.543125 0.000000 0.456875
001100 0.000 0.545238 0.000000 0.454763
001200 0.000 0.548412 0.000000 0.451587
001300 0.000 0.555600 0.000000 0.444400
001400 0.000 0.555219 0.000000 0.444781
001500 0.000 0.555431 0.000000 0.444569
001600 0.000 0.543325 0.000000 0.456675
001700 0.000 0.541719 0.000000 0.458281
001800 0.000 0.548219 0.000000 0.451781
001900 0.000 0.541425 0.000000 0.458575
002000 0.000 0.529475 0.000000 0.470525
002100 0.000 0.533219 0.000000 0.466781
002200 0.000 0.535775 0.000000 0.464225
002300 0.000 0.539456 0.000000 0.460544
002400 0.000 0.553456 0.000000 0.446544
002500 0.000 0.546338 0.000000 0.453663
002600 0.000 0.555019 0.000000 0.444981
002700 0.000 0.549550 0.000000 0.450450
002800 0.000 0.556044 0.000000 0.443956
002900 0.000 0.565600 0.000000 0.434400
003000 0.000 0.560894 0.000000 0.439106
003100 0.000 0.561700 0.000000 0.438300
003200 0.000 0.563875 0.000000 0.436125
003300 0.000 0.556338 0.000000 0.443663
003400 0.000 0.547650 0.000000 0.452350
003500 0.000 0.557662 0.000000 0.442337
003600 0.000 0.547787 0.000000 0.452213
003700 0.000 0.550894 0.000000 0.449106
003800 0.000 0.545350 0.000000 0.454650
003900 0.000 0.543425 0.000000 0.456575
004000 0.000 0.546188 0.000000 0.453813
004100 0.000 0.543913 0.000000 0.456087
004200 0.000 0.551612 0.000000 0.448387
004300 0.000 0.562306 0.000000 0.437694
004400 0.000 0.565494 0.000000 0.434506
004500 0.000 0.558344 0.000000 0.441656
004600 0.000 0.553662 0.000000 0.446337
004700 0.000 0.558331 0.000000 0.441669
004800 0.000 0.549619 0.000000 0.450381
004900 0.000 0.542488 0.000000 0.457512
005000 0.000 0.547831 0.000000 0.452169
005100 0.000 0.549656 0.000000 0.450344
005200 0.000 0.553612 0.000000 0.446387
005300 0.000 0.554150 0.000000 0.445850
005400 0.000 0.551631 0.000000 0.448369
005500 0.000 0.549963 0.000000 0.450037
005600 0.000 0.566281 0.000000 0.433719
005700 0.000 0.573281 0.000000 0.426719
005800 0.000 0.585025 0.000000 0.414975
005900 0.000 0.579512 0.000000 0.420488
006000 0.000 0.592213 0.000000 0.407788
006100 0.000 0.597481 0.000000 0.402519
006200 0.000 0.598850 0.000000 0.401150
006300 0.000 0.602300 0.000000 0.397700
006400 0.000 0.603756 0.000000 0.396244
006500 0.000 0.606344 0.000000 0.393656
006600 0.000 0.605756 0.000000 0.394244
006700 0.000 0.605487 0.000000 0.394512
006800 0.000 0.602950 0.000000 0.397050
006900 0.000 0.614613 0.000000 0.385387
007000 0.000 0.623675 0.000000 0.376325
007100 0.000 0.637656 0.000000 0.362344
007200 0.000 0.633306 0.000000 0.366694
007300 0.000 0.638050 0.000000 0.361950
007400 0.000 0.635881 0.000000 0.364119
007500 0.000 0.628912 0.000000 0.371088
007600 0.000 0.626144 0.000000 0.373856
007700 0.000 0.623313 0.000000 0.376688
007800 0.000 0.623919 0.000000 0.376081
007900 0.000 0.618419 0.000000 0.381581
008000 0.000 0.619044 0.000000 0.380956
008100 0.000 0.612569 0.000000 0.387431
008200 0.000 0.611888 0.000000 0.388113
008300 0.000 0.592381 0.000000 0.407619
008400 0.000 0.589806 0.000000 0.410194
008500 0.000 0.590356 0.000000 0.409644
008600 0.000 0.603675 0.000000 0.396325
008700 0.000 0.604612 0.000000 0.395388
008800 0.000 0.619456 0.000000 0.380544
008900 0.000 0.619894 0.000000 0.380106
009000 0.000 0.625300 0.000000 0.374700
009100 0.000 0.626506 0.000000 0.373494
009200 0.000 0.627750 0.000000 0.372250
009300 0.000 0.633250 0.000000 0.366750
009400 0.000 0.631012 0.000000 0.368988
009500 0.000 0.623925 0.000000 0.376075
009600 0.000 0.627494 0.000000 0.372506
009700 0.000 0.625056 0.000000 0.374944
009800 0.000 0.625781 0.000000 0.374219
009900 0.000 0.628875 0.000000 0.371125
010000 0.000 0.626363 0.000000 0.373638
010100 0.000 0.621062 0.000000 0.378937
010200 0.000 0.613106 0.000000 0.386894
010300 0.000 0.614369 0.000000 0.385631
010400 0.000 0.622513 0.000000 0.377487
010500 0.000 0.616762 0.000000 0.383238
010600 0.000 0.613050 0.000000 0.386950
010700 0.000 0.625275 0.000000 0.374725
010800 0.000 0.630331 0.000000 0.369669
010900 0.000 0.640931 0.000000 0.359069
011000 0.000 0.631144 0.000000 0.368856
011100 0.000 0.633138 0.000000 0.366862
011200 0.000 0.629219 0.000000 0.370781
011300 0.000 0.636212 0.000000 0.363787
011400 0.000 0.627513 0.000000 0.372488
011500 0.000 0.630756 0.000000 0.369244
011600 0.000 0.627519 0.000000 0.372481
011700 0.000 0.624056 0.000000 0.375944
011800 0.000 0.626131 0.000000 0.373869
011900 0.000 0.620056 0.000000 0.379944
012000 0.000 0.621050 0.000000 0.378950
012100 0.000 0.616112 0.000000 0.383887
012200 0.000 0.609469 0.000000 0.390531
012300 0.000 0.602400 0.000000 0.397600
012400 0.000 0.598981 0.000000 0.401019
012500 0.000 0.593738 0.000000 0.406263
012600 0.000 0.603369 0.000000 0.396631
012700 0.000 0.616062 0.000000 0.383937
012800 0.000 0.616619 0.000000 0.383381
012900 0.000 0.624206 0.000000 0.375794
013000 0.000 0.633306 0.000000 0.366694
013100 0.000 0.626656 0.000000 0.373344
013200 0.000 0.630206 0.000000 0.369794
013300 0.000 0.632563 0.000000 0.367437
013400 0.000 0.622900 0.000000 0.377100
013500 0.000 0.624019 0.000000 0.375981
013600 0.000 0.623831 0.000000 0.376169
013700 0.000 0.611819 0.000000 0.388181
013800 0.000 0.617062 0.000000 0.382937
013900 0.000 0.613962 0.000000 0.386037
014000 0.000 0.612569 0.000000 0.387431
014100 0.000 0.621844 0.000000 0.378156
014200 0.000 0.623706 0.000000 0.376294
014300 0.000 0.629294 0.000000 0.370706
014400 0.000 0.623075 0.000000 0.376925
014500 0.000 0.625006 0.000000 0.374994
014600 0.000 0.628475 0.000000 0.371525
014700 0.000 0.623788 0.000000 0.376213
014800 0.000 0.627469 0.000000 0.372531
014900 0.000 0.616513 0.000000 0.383487
015000 0.000 0.618306 0.000000 0.381694
015100 0.000 0.624144 0.000000 0.375856
015200 0.000 0.626544 0.000000 0.373456
015300 0.000 0.622844 0.000000 0.377156
015400 0.000 0.624350 0.000000 0.375650
015500 0.000 0.623437 0.000000 0.376563
015600 0.000 0.631156 0.000000 0.368844
015700 0.000 0.627250 0.000000 0.372750
015800 0.000 0.628244 0.000000 0.371756
015900 0.000 0.638737 0.000000 0.361262
016000 0.000 0.637869 0.000000 0.362131
016100 0.000 0.637763 0.000000 0.362237
016200 0.000 0.635038 0.000000 0.364963
016300 0.000 0.623487 0.000000 0.376513
016400 0.000 0.622344 0.000000 0.377656
016500 0.000 0.627731 0.000000 0.372269
016600 0.000 0.622525 0.000000 0.377475
016700 0.000 0.627469 0.000000 0.372531
016800 0.000 0.611988 0.000000 0.388012
016900 0.000 0.621506 0.000000 0.378494
017000 0.000 0.613425 0.000000 0.386575
017100 0.000 0.617337 0.000000 0.382663
017200 0.000 0.603600 0.000000 0.396400
017300 0.000 0.612956 0.000000 0.387044
017400 0.000 0.613950 0.000000 0.386050
017500 0.000 0.612400 0.000000 0.387600
017600 0.000 0.617331 0.000000 0.382669
017700 0.000 0.621100 0.000000 0.378900
017800 0.000 0.611300 0.000000 0.388700
017900 0.000 0.612775 0.000000 0.387225
018000 0.000 0.608906 0.000000 0.391094
018100 0.000 0.606769 0.000000 0.393231
018200 0.000 0.601769 0.000000 0.398231
018300 0.000 0.609425 0.000000 0.390575
018400 0.000 0.603569 0.000000 0.396431
018500 0.000 0.604056 0.000000 0.395944
018600 0.000 0.619712 0.000000 0.380288
018700 0.000 0.606944 0.000000 0.393056
018800 0.000 0.599975 0.000000 0.400025
018900 0.000 0.590600 0.000000 0.409400
019000 0.000 0.594881 0.000000 0.405119
019100 0.000 0.597356 0.000000 0.402644
019200 0.000 0.602819 0.000000 0.397181
019300 0.000 0.610613 0.000000 0.389387
019400 0.000 0.614169 0.000000 0.385831
019500 0.000 0.611762 0.000000 0.388238
019600 0.000 0.610962 0.000000 0.389037
019700 0.000 0.614056 0.000000 0.385944
019800 0.000 0.611869 0.000000 0.388131
019900 0.000 0.616494 0.000000 0.383506
020000 0.000 0.615912 0.000000 0.384088
