000000 0.230 0.217500 0.292500 0.260000
000100 0.360 0.090519 0.294656 0.255301
000200 0.429 0.035122 0.294057 0.242094
000300 0.463 0.018430 0.293356 0.225049
000400 0.488 0.013777 0.293006 0.205404
000500 0.514 0.007770 0.294311 0.184222
000600 0.533 0.005566 0.293381 0.168104
000700 0.548 0.004354 0.294351 0.153661
000800 0.559 0.003467 0.292628 0.144665
000900 0.568 0.003598 0.292219 0.136367
001000 0.574 0.003628 0.291755 0.130284
001100 0.580 0.003662 0.292267 0.124239
001200 0.584 0.003740 0.293480 0.118809
001300 0.588 0.003601 0.293238 0.114812
001400 0.593 0.003876 0.292375 0.111185
001500 0.598 0.003451 0.291652 0.107037
001600 0.602 0.003276 0.292452 0.102563
001700 0.606 0.002922 0.292192 0.098803
001800 0.611 0.002069 0.293775 0.093429
001900 0.615 0.001328 0.295930 0.087791
002000 0.618 0.000820 0.299038 0.081976
002100 0.621 0.000858 0.298210 0.079777
002200 0.625 0.000964 0.297161 0.077078
002300 0.629 0.000768 0.294515 0.076179
002400 0.631 0.000906 0.296836 0.070890
002500 0.633 0.000761 0.297472 0.068740
002600 0.634 0.000866 0.298410 0.066715
002700 0.635 0.000924 0.297066 0.067168
002800 0.636 0.000779 0.298451 0.064401
002900 0.638 0.000715 0.299748 0.061446
003000 0.639 0.000618 0.300601 0.060103
003100 0.640 0.000635 0.301972 0.057881
003200 0.640 0.000547 0.302858 0.056568
003300 0.640 0.000647 0.302828 0.056033
003400 0.640 0.000551 0.304567 0.054516
003500 0.641 0.000530 0.305783 0.052970
003600 0.641 0.000661 0.307767 0.050867
003700 0.640 0.000644 0.309583 0.049401
003800 0.641 0.000682 0.311655 0.046837
003900 0.640 0.000767 0.313663 0.045288
004000 0.640 0.000871 0.314465 0.044768
004100 0.640 0.000826 0.315324 0.043824
004200 0.639 0.001004 0.317619 0.042358
004300 0.638 0.001075 0.319186 0.042037
004400 0.637 0.000899 0.321140 0.040775
004500 0.637 0.000187 0.323349 0.039863
004600 0.635 0.000051 0.324819 0.039849
004700 0.634 0.000007 0.327545 0.038378
004800 0.632 0.000000 0.331357 0.036864
004900 0.630 0.000000 0.332331 0.037246
005000 0.629 0.000000 0.335291 0.035959
005100 0.627 0.000000 0.337160 0.035559
005200 0.626 0.000000 0.338531 0.035501
005300 0.625 0.000000 0.340113 0.035045
005400 0.624 0.000000 0.342412 0.034049
005500 0.621 0.000000 0.345496 0.033147
005600 0.620 0.000000 0.346842 0.033561
005700 0.618 0.000000 0.349538 0.032852
005800 0.616 0.000000 0.350070 0.033474
005900 0.614 0.000000 0.352824 0.032778
006000 0.612 0.000000 0.355703 0.032094
006100 0.611 0.000000 0.357133 0.031978
006200 0.609 0.000000 0.359272 0.032188
006300 0.606 0.000000 0.361402 0.032280
006400 0.604 0.000000 0.364270 0.031273
006500 0.603 0.000000 0.365473 0.031815
006600 0.601 0.000000 0.367194 0.031437
006700 0.600 0.000000 0.370288 0.029919
006800 0.598 0.000000 0.371601 0.030785
006900 0.595 0.000000 0.375397 0.029347
007000 0.593 0.000000 0.376478 0.030297
007100 0.591 0.000000 0.378652 0.030216
007200 0.589 0.000000 0.381644 0.029574
007300 0.586 0.000000 0.385131 0.028447
007400 0.585 0.000000 0.387697 0.027476
007500 0.582 0.000000 0.391367 0.026685
007600 0.580 0.000000 0.392702 0.027251
007700 0.578 0.000000 0.394065 0.027559
007800 0.576 0.000000 0.396121 0.027588
007900 0.574 0.000000 0.398785 0.027312
008000 0.572 0.000000 0.399893 0.027774
008100 0.571 0.000000 0.401660 0.027666
008200 0.568 0.000000 0.404354 0.027581
008300 0.566 0.000000 0.407582 0.026796
008400 0.563 0.000000 0.410502 0.026636
008500 0.560 0.000000 0.413333 0.026494
008600 0.559 0.000000 0.414657 0.026790
008700 0.556 0.000000 0.417035 0.026744
008800 0.553 0.000000 0.419133 0.027621
008900 0.551 0.000000 0.421574 0.027016
009000 0.550 0.000000 0.423892 0.026426
009100 0.547 0.000000 0.425578 0.027002
009200 0.546 0.000000 0.427092 0.027088
009300 0.544 0.000000 0.428936 0.027394
009400 0.541 0.000000 0.431429 0.027378
009500 0.539 0.000000 0.434458 0.026565
009600 0.537 0.000000 0.438342 0.025119
009700 0.534 0.000000 0.440987 0.025046
009800 0.532 0.000000 0.443165 0.025003
009900 0.529 0.000000 0.446028 0.024605
010000 0.527 0.000000 0.449960 0.023221
010100 0.524 0.000000 0.451822 0.023726
010200 0.523 0.000000 0.454046 0.023298
010300 0.521 0.000000 0.456524 0.022792
010400 0.518 0.000000 0.459816 0.022028
010500 0.516 0.000000 0.462062 0.022311
010600 0.514 0.000000 0.463391 0.023010
010700 0.511 0.000000 0.465148 0.023514
010800 0.509 0.000000 0.467989 0.023119
010900 0.506 0.000000 0.470863 0.023560
011000 0.504 0.000000 0.472792 0.023597
011100 0.502 0.000000 0.474790 0.023647
011200 0.500 0.000000 0.476976 0.023457
011300 0.497 0.000000 0.478568 0.023960
011400 0.495 0.000000 0.480737 0.023992
011500 0.492 0.000000 0.484462 0.023042
011600 0.490 0.000000 0.486878 0.023153
011700 0.488 0.000000 0.489337 0.022372
011800 0.486 0.000000 0.492065 0.021571
011900 0.484 0.000000 0.493991 0.022017
012000 0.482 0.000000 0.495543 0.022768
012100 0.480 0.000000 0.497619 0.022510
012200 0.478 0.000000 0.500442 0.022045
012300 0.476 0.000000 0.502184 0.021957
012400 0.474 0.000000 0.504585 0.021514
012500 0.472 0.000000 0.506532 0.021507
012600 0.470 0.000000 0.508452 0.021672
012700 0.467 0.000000 0.511259 0.021308
012800 0.465 0.000000 0.512758 0.022056
012900 0.463 0.000000 0.514372 0.022407
013000 0.461 0.000000 0.517512 0.021762
013100 0.458 0.000000 0.519522 0.022049
013200 0.457 0.000000 0.522356 0.021139
013300 0.454 0.000000 0.524953 0.021085
013400 0.452 0.000000 0.527767 0.020208
013500 0.450 0.000000 0.529758 0.020272
013600 0.448 0.000000 0.530228 0.022098
013700 0.445 0.000000 0.533616 0.021563
013800 0.443 0.000000 0.534813 0.022298
013900 0.441 0.000000 0.536135 0.022671
014000 0.439 0.000000 0.538635 0.022117
014100 0.437 0.000000 0.539046 0.023486
014200 0.436 0.000000 0.540319 0.023544
014300 0.434 0.000000 0.542940 0.023090
014400 0.432 0.000000 0.545433 0.022656
014500 0.430 0.000000 0.546933 0.022958
014600 0.428 0.000000 0.549188 0.022592
014700 0.425 0.000000 0.553378 0.021240
014800 0.423 0.000000 0.555402 0.021621
014900 0.421 0.000000 0.557699 0.021449
015000 0.418 0.000000 0.559926 0.021674
015100 0.416 0.000000 0.561953 0.021853
015200 0.414 0.000000 0.563592 0.022422
015300 0.412 0.000000 0.566322 0.021784
015400 0.409 0.000000 0.569676 0.021015
015500 0.407 0.000000 0.573008 0.020147
015600 0.404 0.000000 0.575785 0.019891
015700 0.402 0.000000 0.577503 0.020066
015800 0.401 0.000000 0.579013 0.020322
015900 0.399 0.000000 0.581519 0.019856
016000 0.397 0.000000 0.583528 0.019859
016100 0.394 0.000000 0.586220 0.019439
016200 0.392 0.000000 0.588393 0.019732
016300 0.389 0.000000 0.590767 0.019765
016400 0.388 0.000000 0.592865 0.019272
016500 0.386 0.000000 0.594524 0.019653
016600 0.383 0.000000 0.597348 0.019174
016700 0.381 0.000000 0.600438 0.018604
016800 0.378 0.000000 0.602592 0.019221
016900 0.376 0.000000 0.605596 0.018553
017000 0.374 0.000000 0.607737 0.018268
017100 0.372 0.000000 0.610380 0.018052
017200 0.369 0.000000 0.613594 0.017184
017300 0.367 0.000000 0.615914 0.017044
017400 0.365 0.000000 0.617803 0.017574
017500 0.363 0.000000 0.619506 0.017833
017600 0.361 0.000000 0.621650 0.017260
017700 0.359 0.000000 0.624106 0.016780
017800 0.357 0.000000 0.627371 0.015798
017900 0.355 0.000000 0.629917 0.015132
018000 0.353 0.000000 0.631527 0.015561
018100 0.351 0.000000 0.633072 0.016362
018200 0.349 0.000000 0.634752 0.016293
018300 0.347 0.000000 0.637474 0.015480
018400 0.345 0.000000 0.638706 0.016226
018500 0.344 0.000000 0.639674 0.016599
018600 0.342 0.000000 0.641531 0.016379
018700 0.340 0.000000 0.644069 0.015506
018800 0.339 0.000000 0.646504 0.014908
018900 0.336 0.000000 0.649401 0.014267
019000 0.334 0.000000 0.650592 0.015096
019100 0.333 0.000000 0.651530 0.015827
019200 0.331 0.000000 0.653322 0.016101
019300 0.329 0.000000 0.655918 0.014994
019400 0.327 0.000000 0.658338 0.014788
019500 0.325 0.000000 0.661282 0.013604
019600 0.324 0.000000 0.662928 0.013506
019700 0.322 0.000000 0.664730 0.013412
019800 0.320 0.000000 0.666899 0.013260
019900 0.318 0.000000 0.669637 0.012575
020000 0.315 0.000000 0.672222 0.012672
020100 0.313 0.000000 0.673947 0.012673
020200 0.312 0.000000 0.676181 0.012131
020300 0.310 0.000000 0.677988 0.012130
020400 0.308 0.000000 0.679506 0.012373
020500 0.306 0.000000 0.681538 0.012422
020600 0.304 0.000000 0.683909 0.012439
020700 0.302 0.000000 0.685096 0.012745
020800 0.300 0.000000 0.686926 0.012756
020900 0.299 0.000000 0.689324 0.012008
021000 0.297 0.000000 0.691599 0.011255
021100 0.295 0.000000 0.693393 0.011393
021200 0.293 0.000000 0.694939 0.012112
021300 0.291 0.000000 0.696622 0.012156
021400 0.289 0.000000 0.698062 0.012445
021500 0.288 0.000000 0.699670 0.012509
021600 0.286 0.000000 0.701632 0.012694
021700 0.283 0.000000 0.703931 0.012741
021800 0.282 0.000000 0.705967 0.012422
021900 0.280 0.000000 0.707725 0.012668
022000 0.278 0.000000 0.709808 0.012412
022100 0.276 0.000000 0.711283 0.012976
022200 0.274 0.000000 0.713601 0.012533
022300 0.272 0.000000 0.714907 0.012946
022400 0.270 0.000000 0.716441 0.013128
022500 0.269 0.000000 0.716987 0.013722
022600 0.268 0.000000 0.718649 0.013377
022700 0.266 0.000000 0.721053 0.012806
022800 0.265 0.000000 0.721968 0.013365
022900 0.263 0.000000 0.724203 0.012790
023000 0.261 0.000000 0.726417 0.012556
023100 0.259 0.000000 0.728464 0.012056
023200 0.259 0.000000 0.729172 0.012283
023300 0.257 0.000000 0.729753 0.012849
023400 0.255 0.000000 0.731925 0.012728
023500 0.254 0.000000 0.733462 0.012581
023600 0.252 0.000000 0.734976 0.012790
023700 0.250 0.000000 0.736733 0.012836
023800 0.249 0.000000 0.738158 0.013070
023900 0.246 0.000000 0.740685 0.012840
024000 0.245 0.000000 0.741960 0.012999
024100 0.243 0.000000 0.743693 0.012986
024200 0.242 0.000000 0.745251 0.013194
024300 0.240 0.000000 0.746308 0.013812
024400 0.239 0.000000 0.746197 0.014728
024500 0.237 0.000000 0.747838 0.014832
024600 0.236 0.000000 0.749185 0.014867
024700 0.234 0.000000 0.749851 0.015779
024800 0.233 0.000000 0.751110 0.015993
024900 0.231 0.000000 0.752560 0.016302
025000 0.229 0.000000 0.753524 0.017044
025100 0.227 0.000000 0.755475 0.017269
025200 0.226 0.000000 0.756903 0.017524
025300 0.224 0.000000 0.758419 0.017669
025400 0.222 0.000000 0.760377 0.017683
025500 0.220 0.000000 0.762099 0.017645
025600 0.218 0.000000 0.763983 0.017724
025700 0.217 0.000000 0.765896 0.017603
025800 0.215 0.000000 0.767245 0.017302
025900 0.214 0.000000 0.768733 0.017310
026000 0.213 0.000000 0.769578 0.017803
026100 0.212 0.000000 0.770955 0.017532
026200 0.210 0.000000 0.772331 0.017756
026300 0.208 0.000000 0.775544 0.016616
026400 0.206 0.000000 0.776924 0.016885
026500 0.205 0.000000 0.779548 0.015883
026600 0.203 0.000000 0.782698 0.014479
026700 0.201 0.000000 0.783157 0.015456
026800 0.200 0.000000 0.784212 0.016037
026900 0.198 0.000000 0.785190 0.017018
027000 0.196 0.000000 0.787562 0.016313
027100 0.194 0.000000 0.790162 0.015501
027200 0.193 0.000000 0.791517 0.015326
027300 0.191 0.000000 0.792775 0.015830
027400 0.190 0.000000 0.794129 0.016120
027500 0.188 0.000000 0.796283 0.015542
027600 0.186 0.000000 0.797894 0.015762
027700 0.185 0.000000 0.799488 0.015472
027800 0.184 0.000000 0.800861 0.015345
027900 0.182 0.000000 0.802499 0.015202
028000 0.181 0.000000 0.803974 0.015478
028100 0.179 0.000000 0.805562 0.015356
028200 0.177 0.000000 0.806733 0.015797
028300 0.176 0.000000 0.808054 0.015960
028400 0.174 0.000000 0.809644 0.015994
028500 0.173 0.000000 0.812042 0.015315
028600 0.171 0.000000 0.813872 0.015215
028700 0.170 0.000000 0.815480 0.014918
028800 0.168 0.000000 0.817779 0.013985
028900 0.167 0.000000 0.819573 0.013641
029000 0.165 0.000000 0.821422 0.013092
029100 0.164 0.000000 0.822239 0.013465
029200 0.163 0.000000 0.824228 0.012756
029300 0.162 0.000000 0.825590 0.012574
029400 0.160 0.000000 0.827739 0.012264
029500 0.159 0.000000 0.828594 0.012852
029600 0.157 0.000000 0.830000 0.012799
029700 0.156 0.000000 0.831733 0.012501
029800 0.154 0.000000 0.833198 0.012397
029900 0.153 0.000000 0.834800 0.011917
030000 0.152 0.000000 0.836790 0.011453
030100 0.151 0.000000 0.837683 0.011738
030200 0.150 0.000000 0.838584 0.011884
030300 0.148 0.000000 0.839866 0.011989
030400 0.147 0.000000 0.840825 0.012309
030500 0.145 0.000000 0.842390 0.012294
030600 0.144 0.000000 0.843123 0.012844
030700 0.143 0.000000 0.844185 0.012889
030800 0.142 0.000000 0.845304 0.013149
030900 0.140 0.000000 0.846631 0.013323
031000 0.139 0.000000 0.847316 0.013781
031100 0.138 0.000000 0.849512 0.012978
031200 0.136 0.000000 0.850453 0.013108
031300 0.135 0.000000 0.851744 0.013187
031400 0.134 0.000000 0.852701 0.013290
031500 0.133 0.000000 0.852851 0.013917
031600 0.132 0.000000 0.853465 0.014369
031700 0.131 0.000000 0.855113 0.014060
031800 0.130 0.000000 0.855972 0.014284
031900 0.128 0.000000 0.857127 0.014636
032000 0.128 0.000000 0.857864 0.014599
032100 0.126 0.000000 0.858992 0.015110
032200 0.125 0.000000 0.859730 0.015709
032300 0.123 0.000000 0.861326 0.015469
032400 0.122 0.000000 0.862469 0.015789
032500 0.121 0.000000 0.863283 0.015862
032600 0.120 0.000000 0.864594 0.015647
032700 0.119 0.000000 0.866037 0.015015
032800 0.118 0.000000 0.866969 0.014951
032900 0.117 0.000000 0.867337 0.015486
033000 0.116 0.000000 0.868383 0.015225
033100 0.115 0.000000 0.869817 0.014899
033200 0.114 0.000000 0.870640 0.015319
033300 0.113 0.000000 0.870417 0.016383
033400 0.112 0.000000 0.871523 0.016418
033500 0.111 0.000000 0.873062 0.015903
033600 0.110 0.000000 0.873838 0.016033
033700 0.109 0.000000 0.874565 0.016074
033800 0.108 0.000000 0.876726 0.014853
033900 0.107 0.000000 0.877112 0.015428
034000 0.106 0.000000 0.878577 0.015138
034100 0.105 0.000000 0.878891 0.015690
034200 0.105 0.000000 0.879763 0.015728
034300 0.104 0.000000 0.879642 0.016831
034400 0.103 0.000000 0.880120 0.017194
034500 0.102 0.000000 0.881106 0.016844
034600 0.101 0.000000 0.881958 0.017033
034700 0.100 0.000000 0.883397 0.016589
034800 0.099 0.000000 0.884831 0.016089
034900 0.099 0.000000 0.885775 0.015697
035000 0.097 0.000000 0.887230 0.015419
035100 0.097 0.000000 0.888400 0.015068
035200 0.095 0.000000 0.889392 0.015116
035300 0.095 0.000000 0.889647 0.015713
035400 0.094 0.000000 0.890387 0.015738
035500 0.093 0.000000 0.891978 0.014985
035600 0.092 0.000000 0.892655 0.015127
035700 0.091 0.000000 0.893767 0.014789
035800 0.091 0.000000 0.894281 0.015064
035900 0.090 0.000000 0.894624 0.015303
036000 0.089 0.000000 0.895828 0.015263
036100 0.088 0.000000 0.897118 0.014912
036200 0.087 0.000000 0.896996 0.015599
036300 0.087 0.000000 0.897483 0.016011
036400 0.086 0.000000 0.897985 0.016055
036500 0.085 0.000000 0.898612 0.016075
036600 0.084 0.000000 0.899713 0.015964
036700 0.083 0.000000 0.900570 0.016125
036800 0.082 0.000000 0.901932 0.015596
036900 0.082 0.000000 0.903414 0.014885
037000 0.081 0.000000 0.904339 0.014705
037100 0.080 0.000000 0.904552 0.015313
037200 0.079 0.000000 0.905465 0.015165
037300 0.079 0.000000 0.906567 0.014813
037400 0.078 0.000000 0.907590 0.014527
037500 0.077 0.000000 0.907751 0.015075
037600 0.076 0.000000 0.908695 0.014894
037700 0.076 0.000000 0.909064 0.015306
037800 0.075 0.000000 0.909595 0.015579
037900 0.074 0.000000 0.910462 0.015147
038000 0.074 0.000000 0.911535 0.014909
038100 0.073 0.000000 0.912642 0.014271
038200 0.073 0.000000 0.913133 0.014247
038300 0.072 0.000000 0.914974 0.013273
038400 0.071 0.000000 0.915965 0.013205
038500 0.070 0.000000 0.916248 0.013528
038600 0.070 0.000000 0.916951 0.013283
038700 0.069 0.000000 0.917235 0.013597
038800 0.069 0.000000 0.918119 0.013082
038900 0.068 0.000000 0.919160 0.012898
039000 0.067 0.000000 0.920158 0.012681
039100 0.066 0.000000 0.921708 0.011877
039200 0.066 0.000000 0.922524 0.011715
039300 0.065 0.000000 0.922682 0.012151
039400 0.064 0.000000 0.923492 0.012174
039500 0.064 0.000000 0.924162 0.012197
039600 0.063 0.000000 0.925170 0.011744
039700 0.062 0.000000 0.926031 0.011733
039800 0.061 0.000000 0.927008 0.011592
039900 0.061 0.000000 0.928110 0.011285
040000 0.060 0.000000 0.928669 0.011651
040100 0.059 0.000000 0.929651 0.011738
040200 0.058 0.000000 0.929519 0.012888
040300 0.057 0.000000 0.930265 0.012805
040400 0.056 0.000000 0.931621 0.012026
040500 0.055 0.000000 0.933075 0.011590
040600 0.055 0.000000 0.934149 0.011183
040700 0.054 0.000000 0.934961 0.011049
040800 0.053 0.000000 0.935603 0.011018
040900 0.053 0.000000 0.935510 0.011781
041000 0.052 0.000000 0.936726 0.011169
041100 0.051 0.000000 0.936981 0.011632
041200 0.051 0.000000 0.937986 0.011371
041300 0.050 0.000000 0.938322 0.011701
041400 0.049 0.000000 0.938704 0.012153
041500 0.048 0.000000 0.939074 0.012748
041600 0.048 0.000000 0.939750 0.012647
041700 0.047 0.000000 0.940297 0.012602
041800 0.047 0.000000 0.940524 0.012961
041900 0.046 0.000000 0.940324 0.013829
042000 0.045 0.000000 0.940303 0.014392
042100 0.045 0.000000 0.941019 0.014233
042200 0.044 0.000000 0.941001 0.014836
042300 0.043 0.000000 0.941722 0.014790
042400 0.043 0.000000 0.942128 0.014943
042500 0.043 0.000000 0.943089 0.014411
042600 0.042 0.000000 0.943972 0.014298
042700 0.041 0.000000 0.945255 0.013797
042800 0.040 0.000000 0.946066 0.013852
042900 0.039 0.000000 0.946295 0.014258
043000 0.039 0.000000 0.947254 0.013937
043100 0.038 0.000000 0.947365 0.014297
043200 0.038 0.000000 0.948189 0.014215
043300 0.037 0.000000 0.949426 0.013575
043400 0.036 0.000000 0.950519 0.013466
043500 0.036 0.000000 0.951312 0.013097
043600 0.035 0.000000 0.951977 0.013217
043700 0.034 0.000000 0.952744 0.013265
043800 0.033 0.000000 0.953331 0.013340
043900 0.033 0.000000 0.953981 0.013509
044000 0.032 0.000000 0.954906 0.013132
044100 0.032 0.000000 0.955211 0.013288
044200 0.031 0.000000 0.956135 0.012922
044300 0.030 0.000000 0.956485 0.013054
044400 0.030 0.000000 0.956065 0.013908
044500 0.030 0.000000 0.956065 0.013908
044600 0.030 0.000000 0.956065 0.013908
044700 0.030 0.000000 0.956065 0.013908
044800 0.030 0.000000 0.956065 0.013908
044900 0.030 0.000000 0.956065 0.013908
045000 0.030 0.000000 0.956065 0.013908
045100 0.030 0.000000 0.956065 0.013908
045200 0.030 0.000000 0.956065 0.013908
045300 0.030 0.000000 0.956065 0.013908
045400 0.030 0.000000 0.956065 0.013908
045500 0.030 0.000000 0.956065 0.013908
045600 0.030 0.000000 0.956065 0.013908
045700 0.030 0.000000 0.956065 0.013908
045800 0.030 0.000000 0.956065 0.013908
045900 0.030 0.000000 0.956065 0.013908
046000 0.030 0.000000 0.956065 0.013908
046100 0.030 0.000000 0.956065 0.013908
046200 0.030 0.000000 0.956065 0.013908
046300 0.030 0.000000 0.956065 0.013908
046400 0.030 0.000000 0.956065 0.013908
046500 0.030 0.000000 0.956065 0.013908
046600 0.030 0.000000 0.956065 0.013908
046700 0.030 0.000000 0.956065 0.013908
046800 0.030 0.000000 0.956065 0.013908
046900 0.030 0.000000 0.956065 0.013908
047000 0.030 0.000000 0.956065 0.013908
047100 0.030 0.000000 0.956065 0.013908
047200 0.030 0.000000 0.956065 0.013908
047300 0.030 0.000000 0.956065 0.013908
047400 0.030 0.000000 0.956065 0.013908
047500 0.030 0.000000 0.956065 0.013908
047600 0.030 0.000000 0.956065 0.013908
047700 0.030 0.000000 0.956065 0.013908
047800 0.030 0.000000 0.956065 0.013908
047900 0.030 0.000000 0.956065 0.013908
048000 0.030 0.000000 0.956065 0.013908
048100 0.030 0.000000 0.956065 0.013908
048200 0.030 0.000000 0.956065 0.013908
048300 0.030 0.000000 0.956065 0.013908
048400 0.030 0.000000 0.956065 0.013908
048500 0.030 0.000000 0.956065 0.013908
048600 0.030 0.000000 0.956065 0.013908
048700 0.030 0.000000 0.956065 0.013908
048800 0.030 0.000000 0.956065 0.013908
048900 0.030 0.000000 0.956065 0.013908
049000 0.030 0.000000 0.956065 0.013908
049100 0.030 0.000000 0.956065 0.013908
049200 0.030 0.000000 0.956065 0.013908
049300 0.030 0.000000 0.956065 0.013908
049400 0.030 0.000000 0.956065 0.013908
049500 0.030 0.000000 0.956065 0.013908
049600 0.030 0.000000 0.956065 0.013908
049700 0.030 0.000000 0.956065 0.013908
049800 0.030 0.000000 0.956065 0.013908
049900 0.030 0.000000 0.956065 0.013908
050000 0.030 0.000000 0.956065 0.013908
