000000 0.335 0.332439 0.332514 0.000000
000100 0.622 0.222547 0.155950 0.000000
000200 0.635 0.213436 0.151275 0.000000
000300 0.625 0.224381 0.150872 0.000000
000400 0.620 0.222775 0.157661 0.000000
000500 0.623 0.219672 0.157744 0.000000
000600 0.616 0.223136 0.160797 0.000000
000700 0.636 0.218269 0.145644 0.000000
000800 0.629 0.220600 0.149944 0.000000
000900 0.622 0.221914 0.156269 0.000000
001000 0.631 0.221600 0.147675 0.000000
001100 0.614 0.226678 0.159397 0.000000
001200 0.613 0.232269 0.154914 0.000000
001300 0.627 0.220353 0.152889 0.000000
001400 0.617 0.222242 0.160589 0.000000
001500 0.620 0.224444 0.155681 0.000000
001600 0.638 0.211064 0.151342 0.000000
001700 0.610 0.232783 0.157139 0.000000
001800 0.621 0.220997 0.157961 0.000000
001900 0.616 0.230989 0.153114 0.000000
002000 0.618 0.226597 0.155092 0.000000
002100 0.628 0.221350 0.150672 0.000000
002200 0.616 0.225203 0.159258 0.000000
002300 0.619 0.227186 0.154097 0.000000
002400 0.612 0.234919 0.153100 0.000000
002500 0.627 0.220286 0.152997 0.000000
002600 0.622 0.225353 0.152297 0.000000
002700 0.632 0.217022 0.151289 0.000000
002800 0.623 0.226522 0.150975 0.000000
002900 0.628 0.218706 0.152836 0.000000
003000 0.624 0.218247 0.157711 0.000000
003100 0.610 0.234619 0.154903 0.000000
003200 0.611 0.228711 0.160594 0.000000
003300 0.620 0.223042 0.157097 0.000000
003400 0.623 0.220269 0.157036 0.000000
003500 0.615 0.230764 0.154419 0.000000
003600 0.616 0.227867 0.156419 0.000000
003700 0.639 0.213850 0.146678 0.000000
003800 0.623 0.223792 0.153561 0.000000
003900 0.615 0.224367 0.160725 0.000000
004000 0.621 0.229944 0.149281 0.000000
004100 0.615 0.227050 0.158422 0.000000
004200 0.616 0.225842 0.158161 0.000000
004300 0.627 0.218686 0.154761 0.000000
004400 0.615 0.232072 0.153367 0.000000
004500 0.620 0.228047 0.152433 0.000000
004600 0.625 0.217756 0.157697 0.000000
004700 0.622 0.224022 0.154014 0.000000
004800 0.634 0.218486 0.147286 0.000000
004900 0.640 0.211328 0.148222 0.000000
005000 0.612 0.229953 0.157983 0.000000
005100 0.632 0.221172 0.146656 0.000000
005200 0.628 0.220114 0.152378 0.000000
005300 0.609 0.228594 0.162442 0.000000
005400 0.628 0.221208 0.150894 0.000000
005500 0.611 0.231736 0.157625 0.000000
005600 0.619 0.226217 0.154589 0.000000
005700 0.615 0.229328 0.156139 0.000000
005800 0.640 0.209825 0.149811 0.000000
005900 0.614 0.230856 0.154992 0.000000
006000 0.630 0.220981 0.149067 0.000000
006100 0.609 0.234283 0.156869 0.000000
006200 0.631 0.219744 0.149647 0.000000
006300 0.612 0.228253 0.159361 0.000000
006400 0.622 0.229808 0.148397 0.000000
006500 0.628 0.220108 0.151858 0.000000
006600 0.631 0.217339 0.151450 0.000000
006700 0.628 0.222908 0.148997 0.000000
006800 0.614 0.230981 0.155386 0.000000
006900 0.624 0.225644 0.150808 0.000000
007000 0.615 0.231806 0.152994 0.000000
007100 0.612 0.230481 0.157725 0.000000
007200 0.645 0.209425 0.145092 0.000000
007300 0.619 0.225911 0.154956 0.000000
007400 0.613 0.238794 0.148517 0.000000
007500 0.620 0.220758 0.159433 0.000000
007600 0.616 0.230328 0.153625 0.000000
007700 0.631 0.220917 0.148403 0.000000
007800 0.619 0.226800 0.153783 0.000000
007900 0.618 0.228425 0.153675 0.000000
008000 0.625 0.226889 0.147836 0.000000
008100 0.625 0.220436 0.154956 0.000000
008200 0.635 0.214461 0.150442 0.000000
008300 0.636 0.221889 0.142508 0.000000
008400 0.628 0.224097 0.148108 0.000000
008500 0.628 0.217656 0.154411 0.000000
008600 0.619 0.227514 0.153586 0.000000
008700 0.632 0.219456 0.149008 0.000000
008800 0.625 0.222331 0.152769 0.000000
008900 0.630 0.222306 0.147408 0.000000
009000 0.625 0.218172 0.156328 0.000000
009100 0.605 0.235114 0.159408 0.000000
009200 0.621 0.223842 0.154925 0.000000
009300 0.614 0.227531 0.158839 0.000000
009400 0.617 0.227017 0.156050 0.000000
009500 0.627 0.221147 0.151878 0.000000
009600 0.612 0.230989 0.156842 0.000000
009700 0.613 0.229875 0.157183 0.000000
009800 0.629 0.223661 0.147294 0.000000
009900 0.630 0.215900 0.153811 0.000000
010000 0.620 0.223892 0.155686 0.000000
010100 0.630 0.218242 0.151339 0.000000
010200 0.639 0.2